[Fichero de universo]
[O]|Quara|0|[3,11,66][13,3,11][2,,79][1,,20][11,,72]
Ain|1|[2,1,6]
Amen|2|
Ilwena|3|
Merwennaja|4|
Nenite|5|[8,6,14]
Ilja|6|[9,,1][16,,43]
Nenalgnaja|7|
Mere|8|[1,12,44]
Algin|9|
Polalgna|10|[8,,21][5,,45][4,,74]
Nene|11|[21,9,74][20,4,52][14,4,70][13,,53][1,,1]
Ota|12|[20,1,19][9,,5][7,,59][4,,68][26,,54][15,,5][11,,4]
Uin|13|[15,,83][14,,74][24,11,1][23,,27][11,,56][22,,88]
Quara|14|[10,2,49][17,,86][5,3,51][3,,38][11,,29]
Iin|15|[21,,36][20,2,91][17,,0][26,,14][12,,83][22,8,62]
Galja|16|[21,8,12][19,11,33][17,10,64][6,12,30][28,1,6][27,9,86][4,,57][11,,23]
Aen|17|[5,2,63][26,11,8][4,,90][13,2,59]
Pola|18|[31,,71][30,,5][19,,88][28,,29][26,6,13][24,,17]
Onna|19|[9,,37][6,11,84][15,,10][13,,64]
Orditna|20|[9,7,91][15,,41][11,3,85]
Ilotin|21|[8,,80][7,,77][27,,2][25,,74][34,9,21][11,,18]
Galitnaja|22|[9,,32][7,,91][16,6,94][25,7,96][14,10,91][34,8,72]
Galinna|23|[19,7,28][17,,44][15,12,11][34,,24][33,,62][10,,88][31,,98][30,8,56][27,7,22][24,,56]
Wenna|24|[10,6,62][18,7,82][17,,92][26,,9][15,,85][11,10,17]
Poline|25|[19,12,11][18,,82][14,,76][35,8,28][12,7,16][34,,89][22,6,44][33,7,19]
Amin|26|[32,,6][38,8,71][24,5,94][12,,64][23,,30]
Wenna|27|[18,,15][39,2,71][15,1,95][24,9,34][13,12,13][35,7,52][12,,73]
Ilalgin|28|[42,,84][30,,73][16,,92][25,,10][13,,3]
Nenonen|29|[30,5,90][38,1,44][36,,38][34,1,45]
Onin|30|[29,,25][28,2,5][34,,76][22,4,34]
Ile|31|[43,12,22][17,,2][39,,92][26,,26][36,,17][24,,3][45,1,32][33,9,82]
Quarna|32|[21,,78][28,,30][27,,99][38,,43][24,7,84][33,,76]
Algna|33|[41,,8][19,,76][40,10,66][27,8,73][37,,31][23,12,75]
Mernaja|34|[42,,8][39,,21][26,4,53][48,10,67][35,,19]
Inen|35|[21,11,66][20,,7][40,,77][39,5,30][37,8,45][36,,68][31,,65][29,,62][28,9,46]
Nenatja|36|[32,3,59][31,,60][27,7,6][48,,29][34,,52]
Polita|37|[43,3,7][30,,41][40,9,66][28,,43][47,,34][24,,91][35,,77][34,7,66]
Polja|38|[32,,54][42,,53][52,,47][26,,26][36,10,83]
Quaronja|39|[31,1,74][27,3,8][47,8,57][25,,8]
Wenin|40|[53,9,42][52,,42][29,,20][38,9,70][47,4,66][25,4,73][46,,20]
Polja|41|[27,12,63][37,,88][48,,58][36,,4][46,,40]
Ilalgnaja|42|[43,9,23][29,6,14][40,10,96][50,,33][35,,74][33,,43]
Inaja|43|[31,1,68][30,3,18][29,,48][34,,61][55,11,58]
Ein|44|[31,,90][30,,0][41,,28][47,,39][55,,87]
Aja|45|[42,,8][39,7,8][49,,43][38,,33][47,,42]
Wenin|46|[39,3,81][38,,61][48,,66][59,8,35][37,,22]
Galna|47|[43,10,5][52,,44][40,7,32][61,,98][38,4,70][59,,26][44,,88]
Eja|48|[52,4,30][40,8,1][51,12,25][36,10,80][46,,69][34,,78][55,,77]
Nenatin|49|[41,6,1][36,,17][44,,79]
Nenin|50|[43,,52][53,,26][38,,34][60,,99][46,2,6][57,1,79][55,12,42]
Oen|51|[53,,50][62,10,53][39,,65][50,,71][38,,94]
Galin|52|[50,,83][37,6,62][46,1,36]
Algja|53|[62,,78][39,5,60][60,11,60][38,,25][57,,31][56,,81]
Ilama|54|[53,,54][41,11,40][61,12,61][50,,23][58,,42][57,2,34]
Onnaja|55|[50,,46][48,5,8][58,3,89][46,,96][56,8,10]
Merine|56|[43,,52][50,,95][45,,84]
Ilaptja|57|[67,,52][64,7,42][60,8,89][55,8,52][53,10,88][50,5,86][71,,30][70,,59][69,,66]
Quaritna|58|[52,,43][63,3,50][72,10,95][49,3,32][48,4,79][45,,98]
Ordotnaja|59|[65,1,42][54,8,25][49,,87][46,3,32]
Meronna|60|[53,11,41][62,12,32][72,,36][57,,33][56,,76][67,,68]
Galonin|61|[53,,23][75,,97][63,11,23][51,2,48][50,,25][55,2,50][66,,21]
Nenaptna|62|[53,8,68][68,2,14][56,10,77][55,3,83]
Nenna|63|[64,6,54][72,,43][60,5,13][58,,64][67,,85][55,2,62]
Ordota|64|[62,11,30][71,9,83][57,,67][78,7,38][66,,92][55,,75]
Uja|65|[64,,92][74,,47][62,,39][61,5,76][58,,44][77,11,71]
Ilamna|66|[54,11,44][64,9,88][75,5,95][51,,94][61,9,96][67,4,18]
Aja|67|[65,3,8][76,,97][74,6,68][61,,15][56,,57]
Nena|68|[65,12,15][59,9,79][57,,45][79,,70][55,,11][78,3,9][76,,74][74,,92][71,,23][70,,68]
Gala|69|[74,5,67][59,1,64][80,,53][78,2,80][77,1,56][66,,97]
Galonin|70|[63,,72][62,,21][82,11,5][80,,27][68,,91]
Polen|71|[64,11,62][75,,47][60,4,71][82,1,15][58,8,19][77,9,31]
Merwenen|72|[76,,48][64,,82][63,7,7][84,,23][71,11,15]
Polna|73|[68,,85][64,,26][59,,70][82,8,52][58,10,3][81,12,46][80,,45][77,,33][72,,43][70,9,37]
Amnaja|74|[87,,5][75,,63][85,5,67][73,11,40][83,,99][61,,52][82,8,33][68,,18]
Nene|75|[76,7,36][87,,44][84,9,94][72,,73][82,10,11]
Ilna|76|[73,2,23][61,9,49][68,,30][90,,94]
Polotna|77|[64,,46][86,2,2][85,,67][84,1,44][81,,52][91,9,51]
Ea|78|[68,7,74][91,,37][89,,89][88,,12][65,,42][85,,2][84,5,14][82,7,49][79,,40][71,,8][70,,9][92,,45]
Merin|79|[65,,77][71,,50][80,12,86][67,,99]
Quaronna|80|[65,,79][83,,7][90,4,6][78,,12][77,,24]
Wenna|81|[91,,60][88,,53][87,,80][82,11,24][79,,12][75,,42][74,3,72][72,6,54][95,2,5][71,10,3][93,2,48]
Ilnaja|82|[87,,79][76,6,37][85,3,19][74,9,24][94,,21][91,7,19]
Galinja|83|[96,,70][85,11,6][84,,56][94,,72][80,5,18]
Meralgja|84|[72,1,91][79,,83][78,7,66][88,4,40]
Ilonja|85|[98,,15][73,12,92][84,1,60][72,12,31][81,,57]
Wenen|86|[87,,31][96,10,34][92,,26][99,6,57]
Quare|87|[72,8,13][81,,54][101,,55][77,,33]
Polotna|88|[89,,44][87,,72][85,5,19][80,7,12][101,11,6][77,4,97][98,8,18][96,,35][93,9,36][92,7,46]
Ea|89|[90,9,28][87,5,87][85,,26][81,,0][80,,4][98,1,97][74,,38][94,,28][93,12,13]
Orda|90|[75,,61][84,6,9][83,12,37][94,10,8][92,5,69][80,,77][77,,59]
Quarja|91|[98,8,0][105,,91][102,,57][79,,65][101,10,69][100,,45][88,10,18]
Merite|92|[84,,34][81,,32][102,,31][80,2,85]
Nenwennaja|93|[86,,85][84,4,11][104,,7][89,,44]
Ilja|94|[93,4,93][103,,88][80,,32][90,9,40]
Ordja|95|[98,,40][87,,54][97,,64][94,7,42][104,10,59][81,,35][91,,5][90,,31]
Unaja|96|[85,,79][95,8,12][92,,93]
Quarotnaja|97|[98,,0][106,,26][94,1,78][104,4,13][91,2,2][101,1,65]
Apta|98|[96,7,71][84,8,79][83,,54][105,,45][100,6,74][99,,18]
Itan|99|[97,8,91][96,,48][106,,36][105,2,6][101,,9][100,2,9]
Otio|100|[91,,73][114,6,73][89,2,60][88,,88][87,8,66][105,,40][102,11,75][101,12,30][99,,86]
Ordio|101|[113,,58][88,9,32][111,,91][86,,51][108,,73][105,10,19][100,,0][97,,86][95,2,57][93,,17]
Otan|102|[91,,75][114,,47][89,,1][112,6,71][110,,87][105,,30][103,,9][99,,46][95,,33][94,6,10]
Wenio|103|[91,,23][90,3,77][111,8,85][109,7,96][108,,83][104,,46][98,4,3][94,1,77][116,4,75]
Quartor|104|[89,12,76][111,7,40][107,,57][103,5,6][102,,61][96,,54][118,,83][94,5,0][93,,69]
Ordtor|105|[108,3,62][117,3,88][95,,56][93,,21][115,,55][113,10,98][112,,55]
Polnor|106|[120,,29][115,,43][112,,64][111,2,8]
Ordapto|107|[98,12,59][108,11,90][118,2,31][104,,94][113,,62][100,9,60][121,,5]
Galoto|108|[97,12,13][105,,32][93,5,17][102,6,35]
Wenio|109|[120,,62][97,,54][96,3,19][116,,13][113,2,11][122,,18]
Itan|110|[108,3,60][106,,57][116,,46][111,9,52][99,,94]
Atan|111|[105,5,60][116,,32][115,,21][102,,76][112,,73][123,,28]
Aman|112|[109,11,41][98,2,33][105,,34][125,,11][99,,24][121,,54]
Ordwenor|113|[120,,55][118,4,14][106,,55][115,9,38][125,8,47][101,,29][100,,74][110,3,84]
Galnor|114|[118,,59][128,,1][105,,24][103,,3][110,,53]
Polonnor|115|[108,4,71][103,5,38][123,5,78][100,10,79]
Nenwenor|116|[118,,99][105,,60][103,,52][114,,48]
Nenwenan|117|[130,,31][107,8,79][116,7,86][125,,95][124,10,14][123,11,69]
Galor|118|[130,,23][105,,58][127,,49][115,,61][103,,27][114,4,1]
Meratio|119|[109,,9][108,8,63][112,1,41]
Polator|120|[131,,36][128,,41][117,,18][125,5,4][123,1,97][122,,1][111,,85]
Polintor|121|[129,,9][126,,48][113,,65][111,,56][133,,61][122,,2]
Wenor|122|[120,,18][109,11,1][116,5,92][115,,3][113,9,7][124,,47]
Merato|123|[131,4,24][119,9,22][126,2,36][114,5,79][135,,53][121,5,64]
Galan|124|[131,5,73][119,11,87][127,,20][125,,5][134,,47][112,,21]
Ilor|125|[131,,17][120,5,74][119,,16][128,1,28][117,,57][135,10,10]
Ilittor|126|[131,3,53][130,4,7][116,,60][114,,43][121,,37]
Amo|127|[118,,6][116,,21][138,,58][137,,7][134,,18][122,,63]
Ordor|128|[142,,85][130,,92][117,,33][135,6,70][123,11,98][133,9,4][122,8,5]
Quarus|129|[131,,50][140,11,33][117,,61][138,,0][137,,45][114,,13][121,10,71]
Orditio|130|[142,,27][141,,31][117,7,57][116,4,20][137,,12][123,,36][122,8,97]
Amor|131|[120,,61][141,,95][137,,30][135,,23][144,9,60][143,,64][132,,14]
Nenaptan|132|[127,10,70][136,,96][125,,13][144,,79][121,,84][143,10,92]
Galino|133|[131,,25][118,,66][126,7,14][137,,43][145,,98][132,,51]
Ator|134|[142,,27][120,,19][130,,98][141,11,82][126,2,15][137,,29][135,,16][145,,68]
Polor|135|[131,6,36][130,,53][126,,78][146,8,33][145,,40][143,6,95]
Quaror|136|[133,,22][131,,30][127,10,53][149,10,13][126,,84][147,,14][123,,55][144,6,70][139,5,89][138,2,59]
Ilus|137|[141,,1][140,,75][139,7,80][127,10,9][133,,28][143,,81]
Galnor|138|[142,8,35][139,,20][137,,52][126,,78][136,,41][125,12,80][147,,28][134,,7]
Galan|139|[130,,16][129,,61][151,,9][137,,2][124,,43][135,,8][134,,55]
Algo|140|[131,,97][152,8,43][151,7,45][150,10,38][148,4,4][137,1,15]
Quarwennor|141|[153,,25][152,,2][147,,99][143,4,87]
Wenio|142|[141,,17][152,,63][129,5,10][127,12,63][147,,56][145,,66][154,,28]
Polaptus|143|[140,7,11][139,5,40][148,12,38][147,,6][156,,84][145,3,89]
Ilwenus|144|[139,,70][158,,13][135,11,41][146,12,37][157,,81][155,,51][133,,42]
Merio|145|[139,,6][149,,61][147,,3][158,11,18][146,,81][133,8,28]
Galio|146|[140,,68][160,1,29][137,7,66][158,8,89][135,2,35][155,3,94][144,1,80]
Ordtor|147|[141,7,16][160,,20][138,,44][149,,1][159,,29][155,8,30]
Merino|148|[153,6,57][152,,53][150,9,93][136,,75][155,,62]
Ordnor|149|[138,6,52][136,,17][135,12,63][154,,96]
Ordnor|150|[164,,88][151,,39][160,9,81][137,,59][146,9,54][135,7,2][157,,62]
Ordio|151|[136,,56][146,,77][155,,71][143,,81]
Ordato|152|[142,,88][153,5,65][162,,65][137,,31][159,4,44][144,,95]
Otor|153|[163,,14][152,12,15][161,11,11][160,6,94][147,2,91][145,9,21][165,,44]
Merio|154|[164,3,21][163,,33][140,,80][150,,5][157,12,75][145,,76]
Meralgus|155|[163,,95][152,,19][141,,13][161,,84][169,12,7][158,11,54][146,11,7][154,,92]
Nenaman|156|[164,,6][151,,28][160,,9][148,,38][168,1,47][165,,4]
Polo|157|[142,,48][170,,37][147,12,80][158,,85][169,9,82][167,,5][144,,41]
Quario|158|[153,6,39][148,,32][157,,45][168,,64]
Quarinio|159|[152,10,11][169,4,64][157,11,55][156,5,24]
Ilnor|160|[157,,47][156,,22][153,,61][152,,71][174,,96][172,5,76][171,,18][147,,4][167,,1][166,,38]
Ilan|161|[153,10,7][164,,2][163,6,22][151,,43][172,7,11][158,4,13]
Amus|162|[175,,49][150,,67][158,,45][167,6,58][154,4,5][165,,70]
Merinan|163|[175,2,10][151,9,8][162,,30][148,,15][155,,50]
Mertor|164|[159,2,5][157,,97][154,4,87]
Neno|165|[174,7,51][151,10,27][162,2,72][179,,18][176,,89][154,10,98]
Ordator|166|[164,,29][153,,80][159,10,15]
Galus|167|[164,7,45][161,,25][172,,92][179,,67][178,12,76][176,,36]
Galor|168|[171,7,28][181,,35][179,2,15][156,4,10][155,,57][165,,57][176,,35]
Atus|169|[164,,24][163,12,11][183,,44][160,,95][179,11,93][177,,28][166,,77]
Ordo|170|[164,6,59][162,,52][183,,73][180,1,28][168,2,15]
Galatio|171|[185,9,16][162,,48][181,2,60][157,,75][156,,23][178,,56][176,3,60]
Polonus|172|[184,7,98][182,,48][181,,20][159,,56][180,11,29][169,,22]
Mero|173|[185,,90][160,3,89][159,,3][180,,76][176,4,98][165,,40]
Ordapto|174|[175,1,92][185,,14][162,7,0][159,,37][170,12,89][169,5,27][165,,26][187,,17]
Nentor|175|[172,,77][182,8,18][181,11,67][169,5,54][167,,98][165,,32]
Wenan|176|[174,,47][183,7,40][180,,64][179,,70][190,,6]
Itan|177|[163,,29][185,,25][173,,38][183,4,35][181,6,7][169,1,84][179,1,80]
Polotnor|178|[184,,67][169,3,6][168,12,23][165,,78]
Quaramor|179|[185,3,73][173,,5][183,,58][171,,96][169,,5]
Nenus|180|[173,,10][166,,29][165,1,78]
Merinnor|181|[182,,53][180,,9][169,8,94][167,2,84]
Galalgor|182|[175,,96][173,8,57][194,,39][167,,37]
Galtor|183|[196,12,61][171,,44][191,5,26][169,,32][179,,19]
Quaro|184|[185,,59][195,5,5][182,,50][193,,50][192,,68][169,6,49]
Quaratan|185|[174,4,92][194,5,95][183,6,70][178,4,99][177,,20][188,,93]
Ilono|186|[197,,50][174,2,85][184,,29][172,,61][194,12,12][182,,9][188,,69]
Ilus|187|[182,5,15][181,,5][201,5,50][199,8,73][175,,86][198,,96][173,2,41][194,,15][191,5,42]
Intor|188|[174,11,82][181,6,77][190,9,35][176,,15]
Galinnor|189|[182,,49][181,,31][179,1,24][202,,95][201,,41][200,,45][176,1,73][198,,75][197,,35][195,8,23][194,5,46][193,,90][187,8,89][186,4,35][185,10,57][184,,33]
Aptor|190|[182,6,75][204,,0][178,,15][201,6,58][200,10,75][199,11,82][193,,89][192,,97][186,,11]
Otan|191|[186,1,40][195,9,80][194,,51][178,,44][188,,11]
Quarotio|192|[206,,94][179,,65][202,,6][178,,28][199,10,7][198,,80][194,,32][190,,25][187,12,37]
Iltor|193|[186,6,79][205,,22][203,,41][180,,42][190,12,54][188,,61]
Itio|194|[185,,90][207,,45][180,,0][202,4,59][179,,26]
Ilo|195|[205,8,56][182,10,59][204,8,68][180,,42][198,,35][197,,4][196,9,60][194,11,1][192,,80][190,,37][189,7,68][188,,62]
Mertor|196|[182,1,39][193,,22][191,,10][202,9,56][189,,87]
Galtor|197|[185,,5][195,6,68][182,10,96][190,,67][211,,32]
Ozrorg|198|[184,2,96][193,12,93][202,,58][199,4,72][187,5,54]
Murg|199|[186,9,31][197,1,8][191,,48]
Aschuzz|200|[186,,22][185,,39][193,,99]
Umzakh|201|[197,3,33][186,,8][196,10,65][195,,15][194,1,57][205,,80][191,9,91][187,8,79]
Sesch|202|[208,,61][195,,15][204,11,55][203,,18][214,,38][213,,55][200,,34]
Krusurg|203|[205,,77][201,,57][199,11,42][197,,80][195,5,26][192,6,33][215,,85][214,,66][213,,99][190,,28][212,7,68][210,10,54][207,7,80]
Ogl|204|[197,,37][196,,3][205,,50][215,,46][203,,70][210,,39]
Ezhuk|205|[217,,34][194,,91][203,,88][202,,43]
Irgh|206|[218,,65][196,,63][193,,42][192,,45][212,,39][211,8,38][198,,17]
Kirg|207|[208,,19][205,,86][192,1,16][199,,90]
Emarl|208|[218,8,41][205,,88][215,4,81][201,11,21][210,1,42][221,,80]
Ik|209|[197,,68][219,1,21][218,12,23][194,,18][202,,78][223,3,97]
Grorzogl|210|[196,,32][195,,12][216,,98][202,,23]
Otuzz|211|[197,6,22][207,,89][216,,68][212,3,61][199,,69]
Ukrirgh|212|[197,,50][208,,79][206,3,13][225,6,19][213,3,63][210,,8]
Kazhurz|213|[218,,96][205,,15][202,,73][201,,31][211,,23][220,,73]
Uzg|214|[206,10,16][217,,77][205,4,28][216,5,11][224,,63][211,,72][199,,79][210,,66]
Gnokozz|215|[219,,65][216,3,35][204,,85][213,,35][209,,31]
Rzis|216|[204,11,25][201,,70][211,,63]
Erzasch|217|[218,,45][216,8,13][225,,69][221,,39][231,,28]
Zrezhormg|218|[228,,49][205,7,7][204,3,6][203,9,56][219,,59][217,3,55][215,9,40][214,,15][211,1,94][210,,34][232,3,64]
Zigl|219|[218,,31][206,6,72][204,9,38][214,4,69][221,9,18]
Zrikusch|220|[208,5,24][226,5,33][213,,86][212,,56][233,,86][232,,13]
Ochit|221|[219,,48][230,4,34][229,,76][206,7,42][216,,47][232,,48]
Irhrargh|222|[217,,73][213,9,65][212,12,91]
Kizh|223|[228,,32][220,,71][215,,0][236,,84][235,,1][234,,19][210,,17][208,3,23][230,8,83]
Grorgl|224|[230,9,73][226,2,25][236,,8][234,,57][209,,65]
Uzhazz|225|[229,11,31][214,,59][224,,41][222,8,91][232,8,70]
Megl|226|[214,8,5][224,,16][212,5,84][233,10,18][221,,11][231,,46]
Zhikarz|227|[241,,63][214,,86][221,8,50][220,,7]
Rzek|228|[230,,27][240,12,37][238,,20][237,,99][236,5,77][222,,63]
Umgr|229|[219,7,18][240,,61][228,,37][215,6,58][237,,20][222,9,28][221,,84][220,,77]
Isat|230|[218,,60][239,,63][216,,69][237,,88][226,,63][223,,27][244,,82][221,2,79]
Ogl|231|[228,,87][216,,20][222,1,0][232,2,44]
Asos|232|[217,,37][227,2,31][236,,49][225,1,61]
Uk|233|[226,8,84][247,,48][235,,68][234,,99][221,9,70][220,1,43]
Zogh|234|[248,,26][226,,28][222,,9][220,,60]
Mischigh|235|[229,5,57][239,,32][248,4,77][237,9,54][236,,22][232,,36]
Erl|236|[248,3,9][246,3,6][234,,83][233,,37][244,,55][243,6,66][232,,45]
Okh|237|[241,,28][228,11,88][226,,41][247,5,95][236,,82][235,,52][243,,61]
Zhurzokh|238|[240,,94][237,2,76][248,,79][236,,76][224,,86][234,,0]
Zutarng|239|[228,,71][249,,11][237,5,57][225,,15][242,,28]
Avm|240|[249,,1][226,11,87][225,,24][235,,37][233,3,32][243,9,53][231,,46]
Uzzuch|241|[226,,97][246,11,23][234,12,58][233,,30]
Matagl|242|[239,,74][228,1,54][249,,76][227,,63][232,,12][243,9,75]
Enuk|243|[230,,80][239,,70][249,,85][237,,52][244,,33]
Zhusis|244|[230,,87][240,,7][247,,81][231,4,31]
Umargh|245|[248,6,85][236,9,58][246,7,90][234,12,43][244,3,16][232,,16]
[D]|Hrukarng|246|
[D]|Grurgl|247|
[D]|Emizg|248|
[D]|Uvgn|249|
