[Fichero de universo]
[O]|Quara|0|[8,,27][7,8,89][5,11,52][13,9,92][12,12,75][11,,68]
Ain|1|
Amen|2|[4,5,87][14,,59]
Ilwena|3|[13,12,48][1,,13]
Merwennaja|4|
Nenite|5|[3,,68][14,,18]
Ilja|6|
Nenalgnaja|7|[16,,92]
Mere|8|
Algin|9|[21,,48][7,5,68][23,,19][22,,24]
Polalgna|10|[20,11,8][22,,32]
Nene|11|[20,11,99][19,,17][7,,31][18,,10][4,,58][14,,56][3,8,65][22,,73]
Ota|12|[21,,32][7,,36][5,,47][26,4,64][24,,92][23,,75][11,,97]
Uin|13|[9,,89][17,,60][14,10,18][24,,93][22,7,19]
Quara|14|[8,7,49][7,,81][28,4,27][3,,98][12,,65]
Iin|15|[18,,67][6,1,85][26,,64][14,,81][24,,51][12,,84]
Galja|16|[30,,80][29,6,32][28,12,76][3,11,76][22,,57]
Aen|17|[9,,93][27,,71][4,,63][26,,51][3,,7][12,8,50][11,,16][22,,68]
Pola|18|[10,,45][27,5,60][15,,62][4,,73][25,,20]
Onna|19|[9,,26][30,4,38][7,1,61][12,,43]
Orditna|20|[21,,65][10,,94][32,,52][29,,48][11,,23][33,,18]
Ilotin|21|[6,8,87][28,,50][15,,50][13,,98][24,7,5][33,,41]
Galitnaja|22|[10,,34][9,,65][16,,72][25,,7][35,,17]
Galinna|23|[20,,50][16,,36][37,9,37][36,,47][22,,69]
Wenna|24|[30,8,22][28,,77][38,,76][16,,52][37,,28][35,5,77][12,,8]
Poline|25|[32,,39][30,,60][16,,30][38,,75][34,2,87][11,,2]
Amin|26|[22,,65][21,,69][20,11,36][17,,4][39,3,48][33,,30][29,,59][27,,40][25,2,68]
Wenna|27|[17,,89][15,,99][13,4,56]
Ilalgin|28|[31,,76][42,8,39][30,,47][38,4,79][37,6,75][25,1,50]
Nenonen|29|[21,,45][43,,83][19,,16][23,4,46][33,,17]
Onin|30|[20,,44][16,,65][36,2,82][34,,97][22,5,31]
Ile|31|[20,,90][27,,99][38,,86][36,,50][24,,85][45,3,16][23,11,44][34,,63]
Quarna|32|[31,,80][30,,52][38,,4][45,,15][22,11,78]
Algna|33|[43,9,79][19,9,68][18,,40][38,,89][36,,57][24,10,77]
Mernaja|34|[19,1,49][29,4,19][40,10,61][27,2,57][38,,90][37,3,93]
Inen|35|[20,10,28][30,,78][24,,17][45,,9][33,7,51]
Nenatja|36|[32,3,16][42,,87][39,1,0][47,8,68][35,,10][34,,30]
Polita|37|[32,12,9][42,,30][40,,88][33,,29][22,,10]
Polja|38|[32,,11][40,,87][51,,22][48,10,18][25,8,51][46,,54][33,,53]
Quaronja|39|[42,2,94][41,2,85][50,,59][48,,24][47,,28][44,,54]
Wenin|40|[54,,57][31,1,52][26,9,24][36,12,66][46,,25]
Polja|41|[53,3,38][42,,43][38,4,63][27,,4][33,1,53]
Ilalgnaja|42|[39,12,44][36,9,83][35,,19][34,7,49][33,,61][56,9,32][32,,42][29,,91][27,2,71]
Inaja|43|[38,,5][33,,80][56,,93][55,,47][32,4,24][31,,40][53,,92][50,,31][48,,62]
Ein|44|[32,6,3][51,6,89][40,8,52][49,2,98][36,,8][58,4,12]
Aja|45|[31,2,73][30,,5][37,10,98][58,,59][46,7,95]
Wenin|46|[54,,36][43,,24][31,,52][40,,6][38,12,74][37,,51][57,5,62]
Galna|47|[43,,84][54,4,30][51,1,92][39,7,94][59,,51][33,8,9]
Eja|48|[43,,83][41,9,3][62,1,69][61,,69][57,10,52][52,3,23][51,,15][50,,10][47,,80]
Nenatin|49|[42,,29][63,,59][62,8,12][51,1,29][34,,34][44,,37]
Nenin|50|[43,7,59][41,9,0][62,,35][61,,24][36,,66][46,2,45]
Oen|51|[42,,78][50,,16][61,,24][60,,61][37,,23][57,,89]
Galin|52|[54,12,63][62,,16][50,,99][57,12,51][66,6,17]
Algja|53|[42,,32][63,,79][39,6,23][49,,81][58,9,72]
Ilama|54|[42,,91][40,,71][60,9,65][47,2,19][55,,90]
Onnaja|55|[64,,73][41,,74][49,,37][58,,71][46,,68][45,6,84][44,12,18]
Merine|56|[45,,79][44,,86][41,,96][64,10,43][58,,16][57,9,64][54,,25][48,8,67][70,,30][46,7,9]
Ilaptja|57|[43,3,2][53,4,9][58,2,68][46,,95][67,8,94]
Quaritna|58|[54,,99][72,9,86][60,,36][59,,52][70,4,9][48,4,72]
Ordotnaja|59|[64,,10][61,,60][60,,81][70,6,37][56,10,8][67,12,24]
Meronna|60|[54,3,96][53,,89][52,,16][62,,45][50,12,92][57,6,91][45,10,38][55,,22]
Galonin|61|[53,,36][64,1,26][63,9,25][71,12,53][59,,92][70,,18][46,7,56]
Nenaptna|62|[53,,95][52,,31][51,,38][73,,44][72,,4][71,12,22]
Nenna|63|[51,,1][61,1,4][50,,70][77,12,1]
Ordota|64|[65,9,20][75,,61][63,,93][60,,2][78,4,86][67,,60][56,,40][66,2,88]
Uja|65|[53,,79][61,7,23][50,,56][69,,42][67,,52]
Ilamna|66|[54,8,22][70,10,44][59,,0][58,4,58][57,,41][55,6,37][77,,72]
Aja|67|[64,11,80][74,,49][73,,27][81,,81][77,4,78]
Nena|68|[65,,42][76,9,29][74,4,83][61,,76][71,1,72][67,7,14]
Gala|69|[76,10,98][63,,49][71,3,75][80,,79][78,,51]
Galonin|70|[64,6,23][75,8,21][83,,58][80,2,48][68,9,98][77,,61][55,,16]
Polen|71|[76,,31][65,,86][74,2,29][62,,62][67,,34]
Merwenen|72|[67,,5][64,4,7][63,,15][86,,12][83,5,23][80,9,75][79,,13][75,2,85][73,,68][70,,93]
Polna|73|[76,8,42][71,,26][58,,43][79,,8][66,,54]
Amnaja|74|[63,,80][61,,16][66,6,87][88,,47]
Nene|75|[73,1,54][60,9,61][80,,32][67,,48]
Ilna|76|[61,9,88][71,4,54][70,,69][90,1,48][89,,2][66,,22]
Polotna|77|[74,,39][84,,3][71,,40][91,,46][89,,49][88,,25]
Ea|78|[63,2,72][74,,10][66,9,53]
Merin|79|[65,,17][85,,9][82,,26][78,11,59][66,,94]
Quaronna|80|[68,,56][91,,34][87,12,64][77,9,54][74,,24][72,,73][71,11,33][94,1,2][69,4,10][92,,66]
Wenna|81|[85,,48][69,,63][80,,71][77,9,82]
Ilnaja|82|[75,,0][96,,91][85,,0][70,6,93][78,,29]
Galinja|83|[97,,0][95,2,30][82,,13][92,,88][69,,10][88,7,60]
Meralgja|84|[95,,87][83,,91][91,,70][78,9,22][77,10,84]
Ilonja|85|[98,4,14][87,,3][96,,4][70,9,92][80,3,67][90,2,62][99,,32]
Wenen|86|[90,8,19][88,,34][84,,97][82,,34][81,7,77][79,,78][99,4,62][76,,3][75,,22][74,12,77][95,,20]
Quare|87|[75,,69][74,,7][83,,22][94,3,53][81,3,95][90,,28]
Polotna|88|[97,6,6][85,4,55][74,,60][94,,56][101,,52][78,10,36]
Ea|89|[86,,68][96,,43][80,,19][101,,25][77,,42]
Orda|90|[75,,63][94,9,76][104,12,82][101,9,78][89,5,87][99,,48]
Quarja|91|[81,9,15][80,,72][78,,9][77,,11]
Merite|92|[86,9,36][85,,14][95,,55][94,,81][91,2,14][102,9,83][80,,21][79,,22]
Nenwennaja|93|[107,,92][105,3,92][81,3,60][103,,38][102,,21][90,,24]
Ilja|94|[107,6,20][96,,49][82,8,72][104,,46][81,2,68][102,,7][100,,15][88,12,63]
Ordja|95|[98,5,65][105,,16][93,,6][81,,88][102,,83][80,,3]
Unaja|96|[109,2,59][84,4,57][95,9,32][89,,75]
Quarotnaja|97|[87,,41][95,10,29][92,1,51][101,,16][111,10,47][110,,29][88,,38]
Apta|98|[108,4,49][107,,0][85,4,43][92,12,30][103,,12][88,,28]
Itan|99|[89,,99][112,8,6][111,,22][86,10,14][106,11,68][103,1,97][98,6,9][96,,81][93,,86]
Otio|100|[98,5,33][85,2,16][107,,41][106,,71][93,,46][102,9,6][91,10,10]
Ordio|101|[87,,80][109,2,21][108,,90][95,,92][93,6,92][102,,2][111,6,49][89,,31]
Otan|102|[95,,65][90,11,82][101,3,37][110,,90]
Wenio|103|[98,4,49][97,5,87][106,7,18][116,,40][115,5,31][113,,66][101,,84]
Quartor|104|[97,,39][94,4,56][102,,1][101,,98][110,,7]
Ordtor|105|[109,,16][119,,57][91,12,19][111,5,86][110,11,40]
Polnor|106|[98,,44][94,10,17][102,,51][110,12,43]
Ordapto|107|[97,6,13][95,,39][94,,76][114,,56]
Galoto|108|[115,9,66][103,12,94][102,,60][113,4,82][101,,19][99,,14]
Wenio|109|[108,,9][102,,82][100,,61][111,,91]
Itan|110|[98,7,86][119,5,16][95,6,2][124,1,60][123,7,52][111,8,77]
Atan|111|[109,,50][115,,4][103,,87][102,,52][124,,71][112,,17][121,3,79]
Aman|112|[98,,89][106,,38][116,,69][126,5,48][125,,57][100,10,80][99,1,95]
Ordwenor|113|[118,9,93][117,1,97][105,8,16][116,10,2][102,7,3][101,7,74]
Galnor|114|[106,5,77][116,9,58][127,12,95][115,,56][121,,41]
Polonnor|115|[106,4,57][116,,91][125,11,79][114,,6][113,,86][102,,44]
Nenwenor|116|[119,9,40][130,,31][129,,83][118,,32][104,4,22][125,,93][101,,55][122,,60]
Nenwenan|117|[127,,96][112,,73][111,,69][110,,11]
Galor|118|[120,12,1][108,9,27][117,,23][116,,71][121,,8]
Meratio|119|[109,,54][130,,51][105,11,24][127,5,5][104,,3][111,,45][133,5,5]
Polator|120|[129,,82][105,,37][114,,1][110,,19]
Polintor|121|[106,6,96][117,6,47][127,5,20][135,12,45][112,,20][123,5,33][133,6,20]
Wenor|122|[131,,61][120,,21][115,8,25][136,7,36][111,,66]
Merato|123|[120,12,93][115,2,72][110,,72]
Galan|124|[125,,26][135,,70][134,4,54][132,,68]
Ilor|125|[120,9,5][126,2,93][114,2,20][124,,64]
Ilittor|126|[114,3,62][113,12,36][121,11,21]
Amo|127|[140,7,63][126,,96][115,,2][123,,67][134,2,17][121,,52]
Ordor|128|[130,10,19][117,,49][137,5,92][135,,47][123,,24][133,8,1]
Quarus|129|[119,,30][117,,89][128,,38][143,1,43][121,,47]
Orditio|130|[120,3,77][117,1,79][116,,62][137,10,74][136,8,10][132,,41]
Amor|131|[119,3,79][128,2,16][135,8,32][122,7,1]
Nenaptan|132|[131,4,30][119,11,38][124,,61][135,,44][122,,29][144,,38]
Galino|133|[120,,1][142,6,96][129,3,1][128,9,98]
Ator|134|[137,,69][132,8,19][131,,14][127,9,71][126,,17][148,,51][124,8,38][123,,85][120,3,97][140,11,54][138,6,52]
Polor|135|[129,,34][123,,92][122,,85]
Quaror|136|[129,,77][139,,1][148,7,19][144,,93][121,,90][132,,6]
Ilus|137|[130,,21][140,,55][148,1,16][136,4,49][146,,91][122,6,25]
Galnor|138|[141,8,42][124,,4][135,8,35][134,,84]
Galan|139|[129,2,7][136,,67][134,10,62]
Algo|140|[130,12,4][125,,86][135,,20]
Quarwennor|141|[130,,59][127,11,63][137,,15][133,1,76]
Wenio|142|[131,,78][150,8,73][137,,31][148,,44][145,,60][154,,52]
Polaptus|143|[152,5,89][151,,30][137,9,4][134,,98][133,,77]
Ilwenus|144|[142,,79][141,11,77][146,,54][145,11,45][155,,13][154,,73]
Merio|145|[153,,18][130,,66][150,,46][138,8,94][135,2,66][133,10,71][154,,24]
Galio|146|[142,12,41][159,9,70][157,,88][145,,26][132,,12]
Ordtor|147|[140,8,49][134,,2][144,2,75]
Merino|148|[142,,5][158,,54][145,,15][143,,17]
Ordnor|149|[141,6,37][159,8,88][158,,15][146,,37][157,3,40][145,4,68]
Ordnor|150|[137,1,40][156,,75][155,2,46][152,,97][148,10,68][142,,92][141,,98][138,,88][161,8,12]
Ordio|151|[141,,77][162,,96][137,2,35][158,10,77][157,,69][146,5,13][165,,85]
Ordato|152|[140,12,17][161,8,67][138,4,63][145,,47]
Otor|153|[142,12,45][149,,8][159,10,56][158,,36][157,3,22][145,,80][155,5,35]
Merio|154|[153,,42][160,,85][148,,14][159,3,6][155,,92][144,10,82][165,8,43]
Meralgus|155|[153,,2][142,,39][162,,6][151,,92][167,,9]
Nenaman|156|[159,3,80][168,5,46][157,,67][145,,92][166,,57]
Polo|157|[164,8,31][153,,53][148,,1][147,,58][146,,35][145,,92][166,1,27][165,,26]
Quario|158|[153,,58][147,,33][157,8,98]
Quarinio|159|[163,,47][151,1,17][173,7,48][170,1,87][169,,34][144,,34]
Ilnor|160|[159,,89][155,,46][153,4,6][152,,52][148,4,75][171,,0][146,,5][166,,16][164,,93][163,,45]
Ilan|161|[153,6,23][174,,92][173,,76][149,,20][147,,74][157,,98][165,,52]
Amus|162|[150,,66][157,3,91][154,,93]
Merinan|163|[153,7,76][174,8,22][170,4,79][155,,21][154,1,44]
Mertor|164|[155,2,38][178,,74][175,,80][174,,79][173,3,42][149,,82][171,7,59][170,7,92][162,11,60]
Neno|165|[164,,55][175,6,65][152,,62][159,,28][178,8,28]
Ordator|166|[175,7,11][163,,57][174,,1][173,7,11][156,,9][154,,9]
Galus|167|[152,1,37][160,,69][178,,40][154,12,97][176,,42]
Galor|168|[180,,78][156,,93][155,,22][178,6,10][154,,76][177,4,46][176,,83][175,,20][172,,74][170,5,72][165,,44][162,,37]
Atus|169|[162,,15][181,,62][168,11,24][179,,47][156,5,87][178,9,55][155,5,70][154,2,87]
Ordo|170|[174,1,21][183,10,94][172,,58][182,6,14][159,1,45][169,,10][155,1,30]
Galatio|171|[164,,86][174,6,76][160,,61][159,6,40][181,11,54]
Polonus|172|[183,1,62][170,9,89][179,,67][157,,94][167,,56]
Mero|173|[164,,79][159,,2][168,,79]
Ordapto|174|[159,3,0][170,7,98][166,,69][176,,20]
Nentor|175|[185,11,83][170,,6][169,,84][167,,5][178,5,98][189,9,25][166,9,62][187,,83]
Wenan|176|[174,10,17][161,3,83][190,,31][166,,56]
Itan|177|[186,9,98][170,7,0][181,,97][168,,83][179,8,69][189,8,3][176,5,56]
Polotnor|178|[163,,59][173,8,83][169,,77][191,1,61][179,,12][168,,82][189,,60][176,,0]
Quaramor|179|[186,6,84][181,,86][191,,6][167,9,27][188,12,4][177,,97]
Nenus|180|[183,,41][181,3,27][175,3,89][168,,36][167,3,39][190,9,93][166,,73][165,,45][186,,4][185,7,46][184,,14]
Merinnor|181|[174,12,8][172,,83][189,,57][188,,92][166,,99][177,,34]
Galalgor|182|[174,8,67][185,5,35][172,,84][176,8,65]
Galtor|183|[180,,34][176,,35][175,,75][172,,1][168,12,28][191,,33][190,,78][188,,8][186,,66]
Quaro|184|[185,4,18][182,2,87][181,,55][170,,37][189,,7]
Quaratan|185|[175,,44][186,11,28][173,,32][172,,10][171,1,58][180,2,92][190,,17][189,,35]
Ilono|186|[197,11,86][174,,27][193,5,67][181,,60][192,2,26][187,1,30]
Ilus|187|[175,8,49][194,12,92][191,,18][180,10,15][179,,38][178,12,36][177,1,48]
Intor|188|[186,4,96][178,9,38][177,1,89]
Galinnor|189|[174,,37][191,,46][179,,76][200,,33][177,11,5]
Aptor|190|[197,,15][202,,34][191,2,62][200,10,1]
Otan|191|[195,11,29][194,4,84][181,,11][178,,55][189,,56][188,,17][199,,53]
Quarotio|192|[186,,73][184,1,43][180,12,66]
Iltor|193|[207,2,39][206,,77][191,,76][180,,58][201,6,32][199,,34][188,6,48]
Itio|194|[208,8,27][207,,3][183,12,65][190,,77][200,3,42][199,,2][188,,87]
Ilo|195|[206,1,65][184,,75][183,9,57][204,9,53][191,,69]
Mertor|196|[197,,24][207,8,80][206,,58][189,,55][210,5,91][187,,78]
Galtor|197|[208,12,26][207,11,79][194,,55][203,,80][201,,75]
Ozrorg|198|[186,,39][184,,88][193,8,9][212,4,50]
Murg|199|[206,,87][198,,20][196,7,21][192,5,4][213,2,10][212,10,31][211,9,83][208,12,77][184,,12]
Aschuzz|200|[204,8,86][203,1,86][202,9,86][199,,66][198,,38][197,,9][191,,49][189,,75][210,2,57]
Umzakh|201|[215,,22][193,2,52][203,,50][191,,81][190,10,55][200,3,47][199,,72][209,3,19]
Sesch|202|[208,,44][196,2,18][191,12,6][189,,9]
Krusurg|203|[206,6,46][202,6,35][201,,49][200,,25][198,,78][196,1,89][217,,82][193,,96][216,,16][192,11,80][208,10,19]
Ogl|204|[218,,43][196,,45][193,,20][214,,28][191,6,30][189,,82]
Ezhuk|205|[196,4,21][216,10,48][193,,71][200,12,47]
Irgh|206|[197,5,85][207,,95][193,,88][192,10,77]
Kirg|207|[197,,15][218,,5][195,,17][193,,51][214,2,69][202,7,12][221,5,83]
Emarl|208|[196,10,22][195,,30][216,,27][213,11,45][212,9,90][222,,49][221,,15]
Ik|209|[197,,5][218,,14][205,11,56][216,,38][202,,56][223,11,42]
Grorzogl|210|[204,2,0][215,,93][203,,66][224,,92][213,,29][200,,37]
Otuzz|211|[207,,47][216,12,30][204,1,97][202,,61][222,,78][199,3,90][221,7,29][198,,2]
Ukrirgh|212|[219,9,34][207,,57][216,,82][204,1,33][211,,82]
Kazhurz|213|[218,6,59][217,,37][215,,0][203,,21][210,,94][221,4,22]
Uzg|214|[216,10,71][227,,82][199,,85][210,,68][220,8,76][209,,46]
Gnokozz|215|[229,,40][228,1,39][227,,31][203,,61][226,,32][224,6,47][217,3,30][213,8,9][208,,83]
Rzis|216|[205,,79][204,,96][214,,7][225,,47][201,,28][211,,47]
Erzasch|217|[218,11,7][213,,83][222,,77][211,,96][220,,25][231,1,85]
Zrezhormg|218|[226,,29][214,1,40][203,,0][212,,18][222,,44][231,,61]
Zigl|219|[208,12,39][206,,46][213,12,63][232,8,79]
Zrikusch|220|[208,7,4][217,1,50][216,10,15]
Ochit|221|[230,5,34][207,4,58][213,,29][220,3,19][231,,54]
Irhrargh|222|[228,,11][227,,42][226,3,83][225,5,9][224,,81][221,,40][211,5,24][233,2,47][209,4,92][231,3,75]
Kizh|223|[226,5,97][224,,23][220,,18][218,,31][214,,76][212,,31][235,,50][231,11,29][208,11,42]
Grorgl|224|[230,,77][217,2,58][216,4,56][225,,24][211,,8][221,9,3][232,,9]
Uzhazz|225|[230,,66][229,11,0][228,,23][226,,19][214,12,33][210,9,37]
Megl|226|[238,,4][227,,56][214,10,59][223,,0][232,8,77][231,,66]
Zhikarz|227|[238,8,70][237,,76][226,6,54][225,,31][236,,14][235,9,18]
Rzek|228|[241,,36][218,9,62][226,9,63][225,,77][236,,90][234,,13][232,,47]
Umgr|229|[240,11,26][238,3,85][234,3,46][223,6,27][232,,42][221,5,75][242,1,76]
Isat|230|[240,,25][216,,83][215,,62][223,4,50]
Ogl|231|[238,11,84][236,8,84][232,2,69][242,,20]
Asos|232|[218,6,11][229,,34][228,,78][224,8,97][221,,81]
Uk|233|[218,,28][223,,34][220,,98]
Zogh|234|[219,,64][240,,90][237,7,46][247,5,69][223,,41][243,10,6]
Mischigh|235|[241,,42][239,,33][224,11,3][245,2,84][223,6,9][243,,65]
Erl|236|[228,10,43][227,,39][226,,33]
Okh|237|[226,,61][225,9,98][223,,34][244,,41][233,,85]
Zhurzokh|238|[240,,11][228,,63][233,4,97][232,7,44]
Zutarng|239|[230,,82][229,,51][240,,20][228,10,88]
Avm|240|[241,,37][229,,97][228,,5][249,,35][236,8,36][246,,37][245,,37][242,7,8]
Uzzuch|241|[240,,12][227,3,15][233,6,78]
Matagl|242|[229,7,14][228,10,70][249,,99][246,9,60][244,,80][243,9,17][233,,85][231,,82][230,10,55]
Enuk|243|[229,,96][249,11,4][234,,12][231,5,4]
Zhusis|244|[240,,36][238,8,83][235,8,23][231,,47]
Umargh|245|[230,,11][234,1,57][244,,39]
[D]|Hrukarng|246|
[D]|Grurgl|247|
[D]|Emizg|248|
[D]|Uvgn|249|
