[Fichero de universo]
[O]|Nombre|0|[9,7,42][8,12,28][7,12,94][14,,71][3,,22]
Nombre|1|[11,,90]
Nombre|2|
Nombre|3|[16,,17][2,,11]
Nombre|4|
Nombre|5|[11,,45]
Nombre|6|
Nombre|7|[5,8,51]
Nombre|8|[18,9,89]
Nombre|9|[20,,80][8,,14][16,1,86][5,,0][15,,87]
Nombre|10|[14,,63]
Nombre|11|[6,,66][4,,82][15,9,7][14,9,79][25,4,61][1,,95]
Nombre|12|[10,3,30][4,,4][11,,31]
Nombre|13|[7,9,88][6,,82][3,,99][14,,90][24,12,63]
Nombre|14|[10,1,26][8,,46][5,,62][26,3,14][3,,31]
Nombre|15|[20,6,65][18,5,95][28,,73][27,2,88][5,,0][24,7,8][23,,44]
Nombre|16|[20,,64][19,,58][18,,78][17,5,7][15,,24][14,10,45][22,9,7]
Nombre|17|[7,,64][15,4,98][23,,80][11,,20]
Nombre|18|[9,,26][30,,25][17,,74][14,,45][25,,85][23,6,13]
Nombre|19|[21,,98][32,1,31][17,11,12][16,,18][26,,43][14,3,2][11,,32][33,,9]
Nombre|20|[30,8,21][18,7,50][26,1,88][25,12,27][22,,38]
Nombre|21|[9,,62][8,,37][29,4,95][16,,94][15,12,43][26,6,84][13,,6][22,,88]
Nombre|22|[7,,74][13,,58][33,,22][11,,4]
Nombre|23|[21,,40][8,,53][29,,63][13,,54][35,,97][24,7,52][34,,71][33,2,39]
Nombre|24|[32,7,36][19,11,80][29,,58][14,5,33][11,2,96][33,7,90]
Nombre|25|[20,,15][15,4,70][26,,3][35,,49][12,10,31]
Nombre|26|[27,,61][25,,31][12,10,90][23,,60]
Nombre|27|[30,,55][41,,56][28,,12][38,3,59][14,7,10][25,,35]
Nombre|28|[21,,77][20,,30][29,,81][25,,31][36,6,13]
Nombre|29|[32,9,16][43,,81][30,,15][17,,81][26,,81][23,10,90]
Nombre|30|[21,,29][42,10,13][19,,89][27,,19][37,10,19][15,4,40][26,,11][33,11,61]
Nombre|31|[17,,67][39,,95][26,,91][25,7,0][24,7,4][23,1,28][33,2,45]
Nombre|32|[42,7,32][41,12,75][36,,68][24,12,59][45,,70][23,,13]
Nombre|33|[43,,41][32,4,49][18,5,18][24,,16]
Nombre|34|[29,7,11][28,9,21][47,,73][24,,71][35,5,40][46,,27]
Nombre|35|[32,4,24][42,,18][27,1,99][37,11,18][36,,49][34,,95]
Nombre|36|[45,3,4][21,4,96][40,,90][39,10,23][38,,76][35,10,14][34,5,71][27,,13][49,,22][26,12,93][48,11,31][24,,19][47,1,66]
Nombre|37|[31,12,39][40,,53][48,,41][34,,12][23,,34][22,5,87]
Nombre|38|[29,,45][27,,81][49,,8][25,,61][46,,14][44,,4]
Nombre|39|[32,,15][43,,24][31,3,4][36,,51][46,3,45]
Nombre|40|[43,10,97][42,5,11][41,,90][39,,32][37,,64][36,11,36][33,,81][54,,35][31,,16][29,,12][27,,29][26,,14][25,,95]
Nombre|41|[53,1,91][42,,77][29,4,58][28,,40][26,,58][33,,53]
Nombre|42|[29,,32][28,,23][48,,84][33,,17]
Nombre|43|[28,,66][38,,73][55,,66][33,8,55]
Nombre|44|[31,10,73][52,,99][51,9,36][47,,22][45,5,41][56,,67]
Nombre|45|[43,1,36][49,,36][59,,99][37,,22][58,4,45][57,,98]
Nombre|46|[41,,51][51,,40][50,,65][45,5,81][34,,27]
Nombre|47|[39,10,30][49,5,14][48,,11][57,7,73][56,3,18]
Nombre|48|[52,9,12][40,3,30][39,,60][60,2,4][59,5,85][46,,45]
Nombre|49|[43,,90][53,,55][63,,31][40,5,2][38,,88][59,,79][35,,29][45,1,58]
Nombre|50|[44,,54][43,,78][42,10,34][64,,75][63,,12][60,9,54][56,11,80][52,,2][48,1,91]
Nombre|51|[62,5,59][61,,34][50,,0][38,,31][44,,70]
Nombre|52|[65,6,96][53,,97][50,12,13][38,,77][45,4,51]
Nombre|53|[64,1,39][63,,33][62,,94][50,,8][38,,51][48,,42][45,10,63]
Nombre|54|[42,,32][63,7,18][51,9,57][49,3,4][55,,85]
Nombre|55|[43,,95][52,,95][47,,55]
Nombre|56|[53,,73][42,,22][51,10,73][61,,41][70,1,38]
Nombre|57|[65,,22][43,,30][42,3,53][50,,63][56,7,21]
Nombre|58|[64,,76][51,,38][69,,0][57,,59][56,,73]
Nombre|59|[51,2,59][73,,24][47,,14][68,4,86][55,,46]
Nombre|60|[54,,19][52,,51][46,5,24]
Nombre|61|[54,,43][53,,97][62,,24][59,9,44]
Nombre|62|[51,7,71][47,11,22][55,,71]
Nombre|63|[51,,12][59,5,25][48,,75][58,,30]
Nombre|64|[63,,91][73,4,66][62,,44][50,,96][72,5,74][69,6,11][55,,38][66,3,81]
Nombre|65|[64,5,66][74,12,8][50,,48][69,,21][67,1,81][77,,36][55,,17]
Nombre|66|[53,2,37][52,,8][61,,14]
Nombre|67|[65,,6][64,1,23][61,,5][72,,6][57,,42][78,9,69][77,,37]
Nombre|68|[53,,86][82,,93][79,1,51][78,11,41][67,11,45][77,,80]
Nombre|69|[75,,26][63,,68][73,1,49][72,,81][81,8,16][77,,88][55,6,4]
Nombre|70|[64,11,90][75,7,53][74,,18][72,6,59][83,,91][58,,14]
Nombre|71|[65,,43][62,12,62][80,5,38][67,10,21]
Nombre|72|[86,,84][74,,88][80,,34][69,7,81][79,2,75][68,12,62][66,4,93]
Nombre|73|[65,1,56][86,8,2][74,,39][84,,33][71,,32][80,2,45]
Nombre|74|[65,,99][73,6,99][67,,97][77,,32][88,,69]
Nombre|75|[68,,18][67,,62][66,,10][65,,46][64,,88][86,,18][83,,24][60,,15][81,,89][77,10,26][72,12,47][71,9,3]
Nombre|76|[63,,35][85,,69][80,,87][69,11,14][79,11,23][90,,65][67,,85]
Nombre|77|[64,7,50][63,8,58][72,,32][80,,73][69,3,1][66,,65]
Nombre|78|[64,,28][74,,85][66,,86][88,5,97]
Nombre|79|[76,,25][87,,13][75,,98][83,,16][66,,83]
Nombre|80|[87,,91][72,,71][82,5,67][81,3,20][88,3,4][77,,86]
Nombre|81|[75,,26][80,,49][90,,7][78,8,48]
Nombre|82|[95,8,18][81,,95][68,3,86][89,,21][67,,17]
Nombre|83|[86,,23][96,,9][72,,90][70,,59][78,,17][88,,47]
Nombre|84|[76,,89][86,,82][95,,43][94,,72][71,,26][91,3,37]
Nombre|85|[76,,98][97,,30][75,,86][90,,75][99,1,13][88,,10]
Nombre|86|[74,,1][72,2,85][81,,96][90,8,10]
Nombre|87|[98,2,84][84,8,88][95,,11][72,,40][77,,57][99,,27]
Nombre|88|[73,,26][93,2,72][92,,84][101,3,40][100,12,44]
Nombre|89|[96,7,56][94,,76][82,9,28][80,7,14][91,1,55][100,2,43][78,12,46]
Nombre|90|[87,11,45][98,,11][75,4,75][82,1,91][104,,68][79,,72][100,9,17]
Nombre|91|[98,,38][86,,80][84,,29][95,10,53][94,,54][79,5,38][100,,38]
Nombre|92|[90,,7][89,,33][106,,1][81,1,91][103,,80][79,,35][98,,65][97,2,58][96,,1][93,,84]
Nombre|93|[98,2,11][83,6,82][89,,52][78,,19][88,10,51]
Nombre|94|[98,1,64][108,,72][96,,11][82,,9][102,,8][101,8,38][100,8,34][99,,11]
Nombre|95|[109,,7][108,,45][97,11,22][84,4,15][102,,49][100,,74][88,,30]
Nombre|96|[84,9,13][106,,91][83,6,75][93,,57][90,12,18][100,6,0]
Nombre|97|[98,,34][96,,64][103,9,5][91,,24][111,,56][110,,84]
Nombre|98|[109,,77][86,,23][85,6,55][105,,31][103,8,4][91,,21]
Nombre|99|[109,,60][85,,1][95,,86][105,,21][92,5,60][113,,93][111,6,83]
Nombre|100|[91,,58][111,8,29][109,,17][85,,70][102,6,30][101,,54][97,,63][94,8,13][93,,33]
Nombre|101|[95,,76][106,11,47][91,,70][99,9,91]
Nombre|102|[98,,24][96,,26][104,,60][88,,67]
Nombre|103|[98,10,55][96,,65][95,,99][116,,72][92,11,62]
Nombre|104|[98,9,1][96,,87][106,4,92][103,,39][112,9,36]
Nombre|105|[109,5,55][108,,7][94,12,80][114,,1][112,,43][99,,57]
Nombre|106|[104,,22][92,,91][99,,33]
Nombre|107|[98,,99][108,,65][97,,78][92,,80][101,,89][111,,24]
Nombre|108|[109,1,23][107,6,69][117,,70][103,,9][102,,85][121,,34]
Nombre|109|[120,5,55][107,,79][116,,50][104,,19][102,,55][111,,77]
Nombre|110|[109,10,28][97,,72][95,7,38][111,5,71][121,,0]
Nombre|111|[109,,57][96,12,45][112,3,64][101,,31]
Nombre|112|[97,,36][106,3,22][104,,56][124,12,59]
Nombre|113|[118,,30][127,,84][126,,50][123,,79][111,,50]
Nombre|114|[120,7,67][116,5,94][126,8,89][125,,38][99,11,21]
Nombre|115|[109,,26][108,6,45][107,,31][106,,62]
Nombre|116|[120,1,63][130,,49][107,1,48][106,,88][103,,67]
Nombre|117|[108,5,58][107,6,81][129,,19][114,,77][113,11,19][121,,11]
Nombre|118|[109,8,69][119,5,46][117,,92][104,,89][124,,34][132,,79]
Nombre|119|[109,4,79][106,,69][111,8,90][122,2,41]
Nombre|120|[130,6,82][118,,33][106,8,68][127,7,18][125,,36][132,,80]
Nombre|121|[107,,49][115,7,95][124,,88][123,,5][134,,21][111,,81][132,,7]
Nombre|122|[109,7,85][131,4,41][127,9,47][116,,45][115,2,66][123,,92]
Nombre|123|[108,,27][127,4,83][136,,73][125,9,89][133,,96][121,,91][110,6,85]
Nombre|124|[109,,22][117,,70][113,,3][122,9,14]
Nombre|125|[117,5,3][139,,23][127,,61][137,,10][114,,92][123,7,71][122,6,24]
Nombre|126|[114,,16][124,3,93][111,,49][121,11,64]
Nombre|127|[128,9,56][126,,94][114,,44][136,,90][122,,61]
Nombre|128|[135,,70][133,4,59][131,9,8][129,4,95][125,5,58][124,,69][123,,69][117,4,29][116,,3]
Nombre|129|[128,,12][125,,60][114,,54][135,,75][134,12,20][133,,18]
Nombre|130|[120,,71][118,11,62][138,9,79][122,,76][144,,38]
Nombre|131|[120,,27][124,,33][144,,54][122,,33]
Nombre|132|[128,,21][127,,63][126,,96][136,,20][122,,3]
Nombre|133|[119,,18][127,,58][121,7,52]
Nombre|134|[131,,41][142,9,29][128,,35][127,,46][135,,67][144,2,34][121,10,1][132,,70]
Nombre|135|[149,5,37][127,,14][147,3,0][146,,30][123,,83][122,,29]
Nombre|136|[137,,61][126,,71][148,,53][124,,18][123,12,33][145,,42]
Nombre|137|[141,,5][140,,79][150,8,22][136,,91][123,,44][122,,58][133,7,16][144,6,81]
Nombre|138|[150,,50][127,4,97][126,9,67][132,,98]
Nombre|139|[131,,70][152,3,8][135,,13][133,7,57]
Nombre|140|[138,,90][126,5,69][147,,23][146,,0][145,3,63][154,,50]
Nombre|141|[139,,62][127,,3][136,1,53][133,,29]
Nombre|142|[152,,11][150,7,44][127,7,24][137,,76][155,,22][132,,93]
Nombre|143|[142,10,64][151,6,94][128,5,59][138,,26][148,,54][147,,50][135,11,0]
Nombre|144|[136,,91][134,,58][132,,47]
Nombre|145|[131,11,14][130,9,23][159,11,84][156,7,98][144,6,15][133,,22][155,7,80][132,6,82]
Nombre|146|[137,,41][160,,76][156,,0][155,,94][153,,54][151,,54][148,,20][143,,2][138,,77]
Nombre|147|[141,,59][149,,67][148,3,30][157,,43][134,,6][145,1,33][133,,1][143,,29]
Nombre|148|[141,,15][139,,65][158,,54][143,,4]
Nombre|149|[138,,88][148,,60][143,,9]
Nombre|150|[139,,79][161,,79][160,10,44][146,,46][143,,6]
Nombre|151|[141,10,20][139,,11][148,,31][158,9,56][155,,20]
Nombre|152|[164,9,81][151,6,55][160,,10][157,11,98][166,,89][143,,74]
Nombre|153|[159,1,42][150,1,95][147,,92][146,,39][145,,91][144,,65][143,6,34][141,,14][140,,94][162,2,49]
Nombre|154|[163,7,36][149,,3][167,,6][145,7,79][156,,53][165,,69]
Nombre|155|[159,11,78][147,,14][146,9,30][156,,38][145,,50]
Nombre|156|[153,10,24][142,,32][160,7,26][159,,33][170,,99][146,,84]
Nombre|157|[150,2,75][160,,40][159,8,9][158,8,72][146,,95][168,,49][154,,56][165,8,56]
Nombre|158|[160,,25][155,,8][152,,75][151,,64][150,,52][148,,46][146,9,58][165,,89][163,,5]
Nombre|159|[152,,69][173,3,77][171,,60][148,,2][155,,59]
Nombre|160|[161,,65][150,,47][172,,57][157,10,41][156,,30]
Nombre|161|[153,,99][151,,7][155,9,67][166,,79][165,6,67]
Nombre|162|[152,,63][147,11,27][158,,36][167,,61][176,,93]
Nombre|163|[151,,44][150,10,5][157,,57]
Nombre|164|[175,,34][153,5,42][174,7,40][151,,1][169,10,9][178,,60][165,2,25]
Nombre|165|[153,8,3][152,,38][161,7,80][171,,88]
Nombre|166|[152,,31][162,,46][157,,96][179,11,89]
Nombre|167|[163,9,26][158,,41][155,,45]
Nombre|168|[164,,78][161,9,77][171,,5][178,1,62][167,,24][176,7,98]
Nombre|169|[164,9,58][175,,27][172,3,48][180,,58][168,,47][156,,53]
Nombre|170|[173,7,96][172,9,93][161,,42][171,,21][157,,47][178,1,20]
Nombre|171|[161,1,82][182,,16][157,,61][156,,34]
Nombre|172|[183,,63][171,8,62][157,10,63][167,,62]
Nombre|173|[164,,2][185,,99][184,,77][181,,6][159,12,96][158,,2][168,11,49][177,4,51]
Nombre|174|[173,,85][170,1,86][180,,8][169,3,82][177,,63]
Nombre|175|[183,,85][182,,17][167,,46][188,,21][177,,76][165,,53]
Nombre|176|[182,,50][179,4,20][173,,43][172,,74][169,,88][167,5,71][189,,1][185,,35][161,,78]
Nombre|177|[175,1,93][184,,40][170,,16][190,4,19][166,,94][188,,17]
Nombre|178|[192,,12][180,,94][169,,72][177,,67][176,,88][187,6,32]
Nombre|179|[182,,37][181,,25][192,,72][180,,35][167,,90][177,8,26]
Nombre|180|[183,,47][194,10,12][192,,7][190,,93][188,,69]
Nombre|181|[183,,72][171,10,86][192,,59][180,10,86][167,11,2]
Nombre|182|[185,,29][173,,66][171,,54][192,,96][168,,34]
Nombre|183|[196,,29][184,,85][195,,74][194,,61][187,,12]
Nombre|184|[197,,67][174,,57][172,,75][181,,59][192,,36][176,,75]
Nombre|185|[174,8,19][184,1,13][170,,47][180,,94]
Nombre|186|[181,,23][178,,74][176,,33][174,12,15][197,10,83][195,,90][172,8,25][194,,1][190,1,13][185,,23]
Nombre|187|[179,,42][178,6,69][177,12,15][195,,63][193,,82][191,12,20][186,,32][185,,70][184,,20]
Nombre|188|[196,,13][174,11,81][182,1,97][191,6,5][180,,93]
Nombre|189|[195,,60][193,,27][203,3,84][180,,43][202,2,91][190,10,58][179,,56]
Nombre|190|[186,,62][182,2,79][181,,78][178,,74]
Nombre|191|[185,,57][195,,9][194,,13][205,,15][203,10,53][176,5,14]
Nombre|192|[183,,47][205,,74][179,3,93][177,6,50][196,,58][190,,85][189,2,9][188,2,42][187,,29]
Nombre|193|[195,,96][184,12,8][190,11,54][179,1,73][178,6,3]
Nombre|194|[207,,34][196,,83][184,11,28][181,6,75][202,10,30][201,,44][199,,63][198,3,64]
Nombre|195|[196,,68][182,,64][203,9,46][191,,24][190,,13][189,,61]
Nombre|196|[185,,8][195,5,25][200,1,14][198,,69][187,,93]
Nombre|197|[196,,48][195,,47][205,,61][193,,59][190,,74][210,,61][187,,15]
Nombre|198|[194,,44][192,2,46][211,3,43][187,,74]
Nombre|199|[197,2,80][196,,79][185,,15][204,,42][191,,0][198,,77][187,8,65]
Nombre|200|[186,,19][185,10,78][205,,75][193,,39][214,10,8]
Nombre|201|[196,,30][205,,45][204,6,80][214,,24][190,4,33][189,3,22]
Nombre|202|[194,,8][215,5,12][200,,66][188,,75]
Nombre|203|[208,3,85][217,,56][201,12,49][212,,23][200,,81][209,9,58]
Nombre|204|[208,,29][217,,34][215,,34][193,,28][190,,97][189,12,33]
Nombre|205|[197,,87][207,2,29][202,10,77][213,12,28][212,,45][199,4,58]
Nombre|206|[196,,13][218,11,84][194,,50][192,3,27]
Nombre|207|[206,,64][216,,10][214,,72][202,,95][201,,39][198,3,25]
Nombre|208|[197,,71][219,,40][207,,50][206,2,34][205,8,32][216,5,97][210,12,64]
Nombre|209|[197,,84][207,2,96][194,3,3][215,9,73][214,,3][212,,29]
Nombre|210|[219,,0][208,,25][197,9,58][196,,70][213,1,49][223,,62][212,,64][221,,0]
Nombre|211|[217,10,84][204,,15][213,,82][212,,49][223,,4][198,,34][220,,81][209,7,69]
Nombre|212|[197,6,6][219,,13][205,,94][216,9,62][213,,3][211,,34]
Nombre|213|[208,,79][214,3,13][224,,22][223,,58][222,11,32]
Nombre|214|[204,,62][213,,85][202,8,43][200,,24]
Nombre|215|[208,1,57][204,11,5][203,,52][221,,34]
Nombre|216|[206,,43][203,,88][225,5,59][224,2,90][221,,35][209,10,16]
Nombre|217|[213,,77][212,,74][223,,6][221,,59][209,,80][220,,93]
Nombre|218|[208,12,75][229,12,96][227,,24][203,,24][222,3,16][231,,49]
Nombre|219|[215,6,76][204,5,34][213,,90][223,,27][231,,88][220,,68]
Nombre|220|[230,,85][228,,53][205,,84][225,,50][232,,37]
Nombre|221|[230,,34][206,,47][213,,54][234,,9][212,1,41]
Nombre|222|[227,,78][214,,93][213,,15][210,3,1][231,,86]
Nombre|223|[218,,8][216,,18][222,,74]
Nombre|224|[226,,63][223,4,3][238,,67][215,,99][214,,89][213,2,81][211,9,57][233,10,95][231,,57]
Nombre|225|[239,10,35][236,3,1][212,,98][234,,19][223,5,70][221,,55]
Nombre|226|[238,,73][214,,89][235,5,36][224,,64][212,,31][221,,33]
Nombre|227|[213,,49][234,,44][223,,79][221,,60][220,,42]
Nombre|228|[227,,92][226,11,71][224,,99][234,,54][220,5,17]
Nombre|229|[218,,18][217,2,85][227,,94][236,,88][235,12,88][231,,6]
Nombre|230|[219,,42][217,,74][238,10,32][223,10,76]
Nombre|231|[239,7,42][227,,62][224,,81][223,,63]
Nombre|232|[219,,31][218,4,9][224,,54][234,,55]
Nombre|233|[219,4,50][224,6,47][234,,50][244,,85][232,,52][231,11,3][220,,71]
Nombre|234|[238,,44][225,,98][223,,22][233,3,24][242,10,80]
Nombre|235|[245,,94][222,,98][233,,53][220,,73]
Nombre|236|[238,,60][227,,4][237,,82][232,5,0][221,4,59]
Nombre|237|[230,,86][228,,55][249,,22][238,,2][225,,0][233,,39][244,,23]
Nombre|238|[241,2,49][237,,80][247,,70][243,,34][242,3,71]
Nombre|239|[230,1,69][237,,64][246,4,94][244,12,12][231,,27]
Nombre|240|[238,12,86][227,,96][247,,30][235,,50][245,,30]
Nombre|241|[237,2,2][233,12,27][232,9,63]
Nombre|242|[227,,86][238,,41][237,,99][235,,2]
Nombre|243|[229,5,0][233,,20][231,,58]
Nombre|244|[230,,50][240,6,75][235,,50]
Nombre|245|[248,,63][247,,57][239,10,71][238,,34][237,,91][236,,52][235,1,69][231,4,52][230,,91]
[D]|Nombre|246|
[D]|Nombre|247|
[D]|Nombre|248|
[D]|Nombre|249|
