[Fichero de universo]
[O]|Nombre|0|[8,8,93][5,,25][4,,96][14,3,0][11,,68]
Nombre|1|
Nombre|2|[9,,0]
Nombre|3|
Nombre|4|
Nombre|5|
Nombre|6|[20,,4][13,10,43][2,1,41][12,2,15][11,8,98]
Nombre|7|
Nombre|8|[21,,39]
Nombre|9|[19,,79]
Nombre|10|[9,,37][15,,14][4,,39]
Nombre|11|[9,,14][7,,8][3,4,32][24,,54][22,,70]
Nombre|12|[18,,13][17,2,63][14,,62][24,,0][23,11,59]
Nombre|13|[19,,96][17,2,16][15,4,59][26,,76][4,,26][12,,89][11,,88]
Nombre|14|[10,,6][4,,40][26,3,56][12,9,10][23,,29]
Nombre|15|[7,,2][3,,46][14,,77]
Nombre|16|[9,2,90][30,,86][19,,84][7,,31][6,6,20][23,10,45]
Nombre|17|[9,5,18][19,,81][16,9,54][26,,23][25,,55][23,,10]
Nombre|18|[21,,0][17,12,49][5,9,24][24,,61][23,,73][11,1,22][22,,41]
Nombre|19|[9,10,31][13,8,81][11,,96]
Nombre|20|[10,,47][32,,80][21,2,65][8,,2][27,,90][13,9,13][22,,40]
Nombre|21|[32,7,31][31,,54][8,12,57][19,10,61][30,8,41][18,7,29][14,,90]
Nombre|22|[10,,91][7,10,81][13,7,85][34,1,89]
Nombre|23|[31,12,57][15,2,17][12,,50][33,,84][11,,95]
Nombre|24|[21,,71][19,,79][18,5,56][17,2,7][38,,24]
Nombre|25|[22,9,19][21,,12][16,,2][39,11,13][38,,86][14,,85][13,,97][31,,34][27,,78]
Nombre|26|[16,2,99][15,,78][23,,11]
Nombre|27|[39,3,45][28,8,29][34,7,4][33,12,59]
Nombre|28|[42,,94][40,7,74][29,,16][38,11,51]
Nombre|29|[43,7,7][32,,88][30,,17][18,,52][36,,22][25,,3]
Nombre|30|[18,,62][16,,52][15,1,51][25,,29]
Nombre|31|[17,11,3][37,4,10][26,9,8][36,,51][22,,51]
Nombre|32|[20,,70][18,2,16][39,,99][17,,18][22,7,25][44,,98]
Nombre|33|[28,,44][38,,31][25,,7][46,,97][23,3,92][45,,51]
Nombre|34|[32,6,64][25,,14][47,,30][35,,41][23,,13][44,3,74]
Nombre|35|[43,,56][42,,82][30,,14][27,,53][49,8,19][23,,29]
Nombre|36|[32,,70][48,,75][37,3,88][25,,85][24,7,38][35,,13][23,,99]
Nombre|37|[32,,6][29,8,27][28,,24]
Nombre|38|[42,10,57][30,,99][39,7,58][25,5,90][47,,23][35,1,38][34,10,91][45,7,66]
Nombre|39|[53,,12][29,4,29][48,,10][26,,23][25,9,16][35,,59][46,8,70]
Nombre|40|[54,6,8][31,2,53][39,,1][37,,77][25,,69]
Nombre|41|[28,,44][36,12,75][35,5,46]
Nombre|42|[53,,95][40,,84][29,,75][37,12,3][44,,16]
Nombre|43|[54,,54][52,,39][29,,17][51,11,96][34,12,9][33,9,21]
Nombre|44|[43,6,55][53,,9][42,6,55][30,,71][41,5,67][35,,19][46,,65]
Nombre|45|[54,7,55][31,6,79][40,2,36][51,,53][38,,21][37,7,67][46,7,89][44,,51]
Nombre|46|[50,,2][38,,35][37,,74][58,,51][45,4,92][56,9,71]
Nombre|47|[39,,70][45,,8][44,8,62]
Nombre|48|[41,,25][51,,89][61,,63][59,,73][57,,71]
Nombre|49|[54,8,55][40,,38][61,,59][50,11,3][39,4,99][58,12,70][35,,37]
Nombre|50|[64,4,4][52,,70][59,,69][48,,77][47,3,87][58,,97][35,,31]
Nombre|51|[65,,55][53,,10][61,6,97][58,,60][46,,94][44,,44]
Nombre|52|[43,,77][64,9,75][40,,24][39,,59][62,4,47][60,7,77][59,,86][56,,0][53,,3][51,7,59]
Nombre|53|[52,10,4][40,7,87][59,,97][58,4,23][67,3,54][55,,1]
Nombre|54|[43,,55][52,2,66][39,,49][60,6,64][58,,90]
Nombre|55|[65,,64][50,,91][49,,3][60,3,67][47,10,36]
Nombre|56|[45,4,93][68,,42][44,11,85][43,,33][65,,39][64,7,12][58,6,32][54,,62][49,,47]
Nombre|57|[42,8,7][62,4,82][61,,14][71,7,86][70,,93][48,,82][46,,20][67,,7]
Nombre|58|[48,,51][47,,12][56,3,34][45,,55][67,,38]
Nombre|59|[53,,98][62,6,3][71,,96][67,,78][45,,84][66,,9]
Nombre|60|[67,7,82][66,,32][65,,21][61,,41][57,,1][53,7,17][52,,52][49,11,49][47,,19][70,4,58][69,,67]
Nombre|61|[62,,33][49,,63][48,,26][57,12,37][67,1,34]
Nombre|62|[54,1,94][52,,33][63,8,20][51,4,84][72,,79][60,,12][66,,55]
Nombre|63|[66,,82][59,,21][55,10,98][54,9,82][53,,91][76,11,30][75,,86][49,8,31][48,,5]
Nombre|64|[51,,22][60,5,59][59,9,89][70,,88][77,,42]
Nombre|65|[52,12,45][72,10,95][50,,33][60,,37][68,,12][67,,81][66,5,44]
Nombre|66|[53,,51][51,,29][60,1,99][70,4,56]
Nombre|67|[68,,37][64,5,47][61,,60][59,,75][79,,49][55,,69][54,,7][53,9,97][76,,47][69,4,49]
Nombre|68|[75,,66][62,8,35][81,,70][59,3,98][69,,40][77,10,0]
Nombre|69|[63,12,7][60,,62][58,11,45]
Nombre|70|[65,,7][64,,19][75,1,41][74,,30][83,,90][58,,81][66,,97]
Nombre|71|[76,1,26][70,,8][59,,57][57,6,89][66,,17]
Nombre|72|[64,11,38][75,,41][63,,42][82,3,23][70,5,9][79,6,25]
Nombre|73|[74,,92][72,10,76][70,4,5][67,2,25][78,,93]
Nombre|74|[64,,3][86,,0][84,,30][60,,79][59,8,82][77,,71][73,1,53][71,3,39][70,3,71][69,12,31]
Nombre|75|[64,9,75][63,,96][73,,43][80,4,54][89,6,83][66,6,75]
Nombre|76|[63,,35][61,,46][67,,27]
Nombre|77|[87,10,6][64,,64][84,9,88][72,,29][70,,38][91,12,24][79,3,14]
Nombre|78|[65,3,78][87,2,43][86,,82][75,12,48][72,,32][71,10,44][68,2,61]
Nombre|79|[75,,66][83,,52][71,1,18][91,11,20][67,,43][88,8,67]
Nombre|80|[75,,54][84,,1][78,,76][67,,71]
Nombre|81|[75,,50][95,,11][84,,4][71,,22][89,1,16][66,,69]
Nombre|82|[76,,27][95,8,51][83,,93][68,,75][79,,19][67,,41][77,5,15]
Nombre|83|[76,,11][74,,39][73,,78][84,,24][94,,61][71,1,32][70,7,31][77,,91]
Nombre|84|[91,,94][81,,6][80,,35][76,12,4][75,2,80][98,2,73][97,1,0][95,7,42][94,12,39]
Nombre|85|[97,,45][96,,25][83,6,76][93,3,59][99,,43]
Nombre|86|[76,9,69][83,,17][80,,64]
Nombre|87|[73,,59][84,,36][81,,59]
Nombre|88|[94,,51][82,,7][81,1,33][102,5,80][91,,77][80,3,72]
Nombre|89|[95,,44][93,,29][102,4,41][101,,88]
Nombre|90|[96,,2][104,,8][92,9,52][81,,67][91,5,65][99,11,9][88,12,84]
Nombre|91|[98,,31][76,10,99][83,,85][104,,19][79,,20][89,6,90]
Nombre|92|[91,,15][88,8,54][87,,6][86,,30][106,,30][104,,89][79,,15][101,2,91][100,,58][99,,73]
Nombre|93|[97,8,79][84,9,23][105,,3][81,,55][78,5,5]
Nombre|94|[95,9,18][82,,34][81,,81][102,,92][79,,6]
Nombre|95|[97,8,20][96,,34][85,,12][104,7,65][93,11,95][92,1,88][101,,84]
Nombre|96|[98,,52][97,3,31][107,10,82][85,,78][102,1,69][90,,7][89,,99]
Nombre|97|[109,,57][86,,59][96,4,47][105,4,99][103,7,25][110,11,98][88,,49]
Nombre|98|[87,5,17][86,7,81][103,,77][112,3,91][111,,94][99,,83]
Nombre|99|[84,,72][106,,80][94,,22][91,,93][110,,3]
Nombre|100|[86,,46][113,,43][91,,2][90,,94]
Nombre|101|[96,10,52][94,,65][104,,50][91,11,86]
Nombre|102|[108,,59][97,8,49][105,3,54][104,1,49][91,,49][113,5,85]
Nombre|103|[97,,60][107,,28][95,,82][110,3,76][99,,60]
Nombre|104|[98,,72][106,5,21][116,2,90][114,4,5][110,,14]
Nombre|105|[119,10,36][96,,92][117,,16][94,,63][115,,75][113,,61]
Nombre|106|[107,,56][95,,36][93,8,23][103,,69][113,,53][100,4,4][99,,32][110,,27]
Nombre|107|[98,,92][96,,20][118,,3][94,10,89]
Nombre|108|[113,,77][112,,12][111,,86][104,,48][103,,68][102,,56][101,,63][121,,9][115,,37]
Nombre|109|[98,8,31][118,1,68][107,8,68][117,,10][94,,27][102,,2]
Nombre|110|[120,3,13][109,,8][108,9,2][115,8,30][102,,26][101,,52][100,,75][121,,37]
Nombre|111|[98,,99][104,,27][102,,9]
Nombre|112|[107,10,62][117,4,45][104,,95][124,,49][101,,17][110,2,84]
Nombre|113|[98,,21][117,6,7][126,2,22][103,,59][99,,96][121,4,31]
Nombre|114|[108,4,26][107,11,60][128,,71][104,,64]
Nombre|115|[104,12,15][126,1,91][114,,44][103,4,33][122,,83][110,,49]
Nombre|116|[120,2,19][127,,3][115,,24][103,7,35][113,,14][102,3,43][111,,7][110,,72]
Nombre|117|[110,7,51][107,12,15][130,,28][106,,87][104,,82][103,,33][121,,78][119,7,36][118,,16]
Nombre|118|[106,,27][114,,15][123,,28][110,,77]
Nombre|119|[115,,93][114,1,74][110,,30]
Nombre|120|[130,,50][129,9,6][128,10,4][105,2,33][116,,41][114,,27][122,,11]
Nombre|121|[120,11,10][119,11,38][117,11,82][126,,70][133,,23][122,3,91]
Nombre|122|[108,,99][115,,32][126,4,0][124,8,82][112,,66][133,,46]
Nombre|123|[137,,1][112,10,71][132,,14][127,,69][126,,87][125,4,69][122,,2][120,,61][117,2,59][116,,57]
Nombre|124|[130,,61][137,,2][135,,6][112,,12][123,,39][111,9,47][133,,83]
Nombre|125|[119,9,72][130,,55][129,4,14][117,,76][128,,48][136,,1][123,6,74]
Nombre|126|[116,,73][115,,4][121,,60]
Nombre|127|[131,8,42][130,,0][128,,32][139,4,48][137,12,24][114,,35][112,5,15][132,,92]
Nombre|128|[129,,98][140,8,41][139,,31][116,12,48][138,11,43][114,,98][125,,89][124,,12]
Nombre|129|[130,,74][140,,88][138,,20][116,4,97][115,,89][134,3,98][133,5,96]
Nombre|130|[119,,34][117,,99][127,1,69]
Nombre|131|[120,8,26][130,,29][129,2,70][127,6,56][145,,29][134,2,71][144,,5][143,12,4]
Nombre|132|[130,6,93][141,12,2][118,,38][128,11,81][136,,46][143,,29]
Nombre|133|[119,11,81][140,,72][137,11,4][147,,47][124,,34][123,,50]
Nombre|134|[142,,43][119,,26][138,8,54][148,,76][126,,9][136,,53]
Nombre|135|[134,,17][132,9,89][130,,85][129,2,96][125,,11][145,,89][121,,32][141,,93][139,,15]
Nombre|136|[131,,86][129,,4][146,,77][121,,91]
Nombre|137|[131,,7][139,,13][124,1,37][123,,17]
Nombre|138|[134,,65][133,2,19][130,,86][152,,27][151,7,54][127,,85][150,,52][149,4,63][145,3,29][144,,63][140,,42]
Nombre|139|[131,,39][130,11,63][151,10,71][127,9,26][126,3,63][149,,44][148,,49][147,,55][140,,30]
Nombre|140|[131,,61][150,,3][138,,92][136,1,94][145,,18]
Nombre|141|[129,10,23][151,,21][128,,55][133,8,81]
Nombre|142|[129,,50][149,,57][146,11,65][156,9,37][154,5,39]
Nombre|143|[152,2,15][139,,1][138,,53][136,,1][133,,58][144,,42]
Nombre|144|[142,,19][129,,22][139,10,43][137,,44][158,,23][135,,92]
Nombre|145|[153,,77][151,,90][148,4,85][136,12,48][157,,45]
Nombre|146|[151,,89][148,,73][158,,42][133,8,58][155,,41]
Nombre|147|[160,1,6][137,,1][135,,8][155,,39][132,,19]
Nombre|148|[150,7,84][136,,14][144,2,56][143,12,85]
Nombre|149|[142,11,18][159,8,3][147,,60][144,,77][154,,9]
Nombre|150|[153,2,40][152,8,40][163,11,20][161,,41][136,3,90][146,8,88]
Nombre|151|[138,,49][137,4,18][143,10,72][165,12,68]
Nombre|152|[141,,64][138,5,87][137,8,6][154,,57]
Nombre|153|[159,8,90][156,7,83][152,4,64][151,4,57][167,,98][143,,37][141,12,59][140,3,88][162,,24]
Nombre|154|[160,,32][153,3,91][147,12,93][146,,14][167,8,34][143,,88][165,12,11][164,5,57][139,,17]
Nombre|155|[140,8,28][148,6,64][168,8,9][145,,47]
Nombre|156|[170,,24][148,,26][147,,41][146,,66]
Nombre|157|[160,10,32][155,,81][150,,48][147,,90][145,,7][144,,2][166,4,15][142,,68][164,1,27][161,,69]
Nombre|158|[153,7,11][161,4,2][145,6,1][165,,89][154,,37]
Nombre|159|[152,,86][162,,77][170,2,71][169,,68][168,,93]
Nombre|160|[162,10,72][171,11,60][159,,10][169,6,60][157,1,87][154,,2]
Nombre|161|[159,,98][158,,71][153,,41][175,5,47][151,,83][148,,30][167,2,75][166,,12][165,,70][164,,86]
Nombre|162|[153,,53][147,,24][158,,37][166,,74]
Nombre|163|[153,,33][172,6,99][170,12,56][177,,18][176,,24]
Nombre|164|[159,,98][158,7,16][167,,15][156,4,51][154,,56]
Nombre|165|[152,,55][162,,16][173,,31][171,9,99][179,,52][177,,28]
Nombre|166|[174,,62][172,11,16][180,9,33][168,5,44][165,,95]
Nombre|167|[157,2,69][156,,60][179,,63][178,,46][154,,25][177,,15][152,10,97][173,6,42][168,1,40][161,,33]
Nombre|168|[160,10,9][180,,73][156,7,13][155,,26][178,,19][177,,9][175,,34][170,,73][165,4,9]
Nombre|169|[174,,13][171,3,21][180,,70][179,,89][178,,54][155,7,55]
Nombre|170|[183,,17][159,,23][182,,17][158,6,90][157,,40][179,,69][155,,28][178,12,29][172,,84][164,,77][184,,96]
Nombre|171|[164,,81][161,,5][182,,75][167,,52]
Nombre|172|[163,,95][173,,57][160,,45][182,,11][171,,60][181,5,37]
Nombre|173|[186,9,85][164,12,70][185,,68][161,,31][180,12,30][177,,35][166,5,97][176,10,47]
Nombre|174|[163,,55][184,,81][161,,1][167,,6]
Nombre|175|[163,,36][184,,46][169,,72][168,,51][188,,74][177,11,92]
Nombre|176|[185,,96][174,,15][190,,42][178,,31][188,,65][177,3,96]
Nombre|177|[163,7,86][171,4,61][190,11,60][167,4,21][178,3,56][166,,82][187,,76]
Nombre|178|[163,7,52][172,,80][179,,85][168,,79]
Nombre|179|[183,7,97][180,,60][178,,25][175,,11][193,,30][169,,89][187,5,41][186,,5][185,10,41]
Nombre|180|[181,10,63][178,,6][174,3,76][173,11,69][171,12,95][170,,23][168,,7][167,,22][190,,8][166,,22][187,,16][185,3,99][184,8,79]
Nombre|181|[185,,68][184,,84][172,10,9][169,,43][167,,44][177,4,2][187,2,37]
Nombre|182|[183,5,47][177,,5][176,,41][194,4,91][169,,24][191,5,62][167,,82][188,,82][186,,50]
Nombre|183|[171,3,91][179,,38][190,6,14][177,,49]
Nombre|184|[186,2,43][185,10,49][173,3,94][193,,97][169,10,23][179,11,23][188,1,36][187,,55]
Nombre|185|[196,,12][183,,59][171,12,89][190,,79][177,5,74][176,,23]
Nombre|186|[172,,67][171,1,13][179,,62]
Nombre|187|[197,,1][173,1,23][189,,80][199,11,56][177,,22][176,6,20][198,8,33]
Nombre|188|[184,,60][173,,39][195,,37][182,8,29][202,,34][200,10,72][176,,44][187,,26]
Nombre|189|[175,,37][186,,67][174,1,59][195,,17][194,4,1][179,8,85]
Nombre|190|[183,11,89][182,,7][179,,40][202,,56][178,11,43][200,10,93][199,11,29][193,10,44][192,,93][191,,51][189,,73][188,,20][186,,60][185,,41]
Nombre|191|[197,,41][195,,41][183,4,6][182,,9][201,,88][189,,62][187,3,5][198,,75]
Nombre|192|[182,,57][181,,12][203,4,43][200,5,9][196,4,17][195,,10][194,5,80][186,,18][185,10,67]
Nombre|193|[186,5,30][207,,63][196,,1][182,,50][181,,84][201,,61]
Nombre|194|[196,1,38][205,,81][180,8,45][179,,70][189,8,7][188,,24]
Nombre|195|[183,10,2][201,,46][200,12,5][198,,61][197,,30][192,9,86][191,10,63][189,,7][185,,62][184,,7]
Nombre|196|[195,,71][184,,26][193,,61][190,11,85]
Nombre|197|[185,8,57][206,,40][191,11,57][188,2,37]
Nombre|198|[207,,46][205,6,19][201,,65][200,,1][189,,88]
Nombre|199|[197,,43][203,10,81][192,8,21][190,,45][212,,78]
Nombre|200|[197,10,95][195,1,56][194,,18][192,,10][214,10,51][190,,84][189,8,70][188,,95][186,,50][209,,59][185,,80]
Nombre|201|[195,12,33][194,,79][189,7,62]
Nombre|202|[196,2,30][195,3,57][194,,84][190,,52][209,3,48]
Nombre|203|[196,,52][195,9,44][189,,81][198,1,42]
Nombre|204|[208,6,82][207,,37][196,1,9][212,,75][209,,68]
Nombre|205|[196,,51][207,,95][195,1,50][193,,25][214,4,95][191,,22][201,8,84][210,8,41]
Nombre|206|[197,,14][218,,32][195,6,67][216,9,93][193,9,52][215,8,74][214,,35][211,4,84]
Nombre|207|[194,11,99][215,,20][193,3,93][202,1,59][211,,68]
Nombre|208|[219,,28][196,12,15][206,6,72][193,5,43][213,,10]
Nombre|209|[206,,13][194,,49][215,8,53][213,,86][202,,51][212,,14][211,12,84][220,,80]
Nombre|210|[196,10,0][216,3,39][224,,38][213,9,52][212,,8][198,,62][220,6,49]
Nombre|211|[197,,47][218,4,18][214,11,16][224,,70][200,9,19][210,,9][209,,37]
Nombre|212|[214,,51][213,12,98][224,,58][223,,30]
Nombre|213|[219,,7][217,,88][227,6,64][216,,96][204,9,35][202,,95]
Nombre|214|[207,,33][227,3,90][215,4,61][226,,12][225,,36][200,5,98][221,4,22][220,,80]
Nombre|215|[208,,44][213,,63][210,5,8]
Nombre|216|[230,6,40][218,11,48][207,5,69][227,,91][214,10,21][221,4,80]
Nombre|217|[206,6,80][224,8,43][223,,52][222,7,67][214,,62][212,,50][231,5,1][208,5,3][207,,13]
Nombre|218|[205,,62][212,,14][211,,80][221,,58]
Nombre|219|[215,12,18][213,8,30][211,,75]
Nombre|220|[219,,76][228,,99][216,,87][213,,94][223,12,52]
Nombre|221|[227,,84][214,,84][211,,9][220,6,41][209,8,86][231,,37]
Nombre|222|[230,10,81][215,,30][214,9,47][223,,62][220,,64][231,4,43]
Nombre|223|[237,,57][226,4,98][213,,31][211,4,3][210,9,26]
Nombre|224|[214,,40][211,,51][209,,58]
Nombre|225|[230,11,69][236,,17][234,,24][223,,71][222,,55][233,12,59]
Nombre|226|[240,,8][239,,79][217,,37][238,,84][216,,87][223,11,53][212,12,26][220,,12]
Nombre|227|[229,,17][228,,59][225,11,72][224,,69][223,,17][220,,38][219,2,72][216,,14][232,5,15]
Nombre|228|[230,7,87][226,12,71][236,,50][223,,22][222,,95][220,,58]
Nombre|229|[230,6,27][224,,55][223,7,71][221,4,39][232,,76][231,6,74][242,,94]
Nombre|230|[218,,51][239,,91][215,11,8][223,,0][244,12,58]
Nombre|231|[240,,76][226,,39][224,6,92][221,12,74]
Nombre|232|[241,,86][225,,23][222,9,21][221,,75][231,,36]
Nombre|233|[219,3,32][228,,76][236,11,98][234,,46][232,,29]
Nombre|234|[243,,98][242,7,23][219,,70][240,,50][239,11,53][238,,1][233,6,45][231,,75][230,,76]
Nombre|235|[239,,78][249,1,22][238,,76][236,11,13][232,9,0][242,12,64][220,,14]
Nombre|236|[241,,25][230,,15][248,,25][245,,86][244,4,97]
Nombre|237|[227,,55][248,,41][247,,90][245,11,98][242,,93]
Nombre|238|[249,,68][225,,29][236,,67][223,,11][232,,45][243,,63]
Nombre|239|[241,8,41][240,,26][236,,56][224,,21][234,,43][244,8,60]
Nombre|240|[227,,70][237,,44][231,1,31]
Nombre|241|[239,,54][227,,22][248,1,35][247,,84][236,4,41][233,,15]
Nombre|242|[227,,23][247,,27][235,,25][246,,56][233,,94][232,10,78]
Nombre|243|[230,8,70][229,,44][248,8,30][235,,89][246,7,64][232,,27]
Nombre|244|[230,,89][240,,85][236,,24][243,,37]
Nombre|245|[239,2,15][234,,78][233,,7]
[D]|Nombre|246|
[D]|Nombre|247|
[D]|Nombre|248|
[D]|Nombre|249|
