[Fichero de universo]
[O]|Quara|0|[10,9,12][8,7,10][6,,73][14,,13][11,,26]
Ain|1|
Amen|2|[10,,85]
Ilwena|3|
Merwennaja|4|[8,6,35][17,7,37]
Nenite|5|
Ilja|6|
Nenalgnaja|7|
Mere|8|[13,,41]
Algin|9|
Polalgna|10|
Nene|11|[15,,48][14,,30][13,4,31][22,,76]
Ota|12|[20,,71][5,12,94][16,,51][13,4,29][22,,40]
Uin|13|[21,11,95][8,,81][18,,91][6,8,51][27,,73][25,7,55]
Quara|14|[8,5,8][24,,1][13,8,49][11,10,55]
Iin|15|[9,6,84][18,1,63][17,1,22][16,3,13][24,,9][22,,21]
Galja|16|[10,8,74][27,7,87][5,10,9][1,8,94]
Aen|17|[30,,46][5,4,94][3,10,54][24,,26][12,,42][11,,99]
Pola|18|[10,3,34][31,,47][19,2,74][6,7,3][28,2,49][15,,96][22,7,23]
Onna|19|[10,2,96][18,,41][13,,66][33,9,52]
Orditna|20|[9,12,42][31,,73][30,11,55][15,2,2][26,,98][11,9,84][22,3,63]
Ilotin|21|[9,,73][30,7,66][7,,97][14,,40][35,,21][22,,56][33,,65]
Galitnaja|22|[10,6,14][29,4,29][26,6,33][14,9,9][25,1,49][13,2,46][12,,61]
Galinna|23|[8,9,63][17,10,72][27,,17][34,4,38][12,11,97]
Wenna|24|[32,,98][10,,94][30,,20][19,7,30][28,,67][23,,16]
Poline|25|[18,12,79][17,10,34][28,,60][37,,28][15,12,87][35,10,86][23,,98]
Amin|26|[32,,98][39,,99][27,,29][37,,52][23,,8]
Wenna|27|[32,,83][30,,38][40,7,47][28,4,27][38,2,90][13,12,31]
Ilalgin|28|[19,,64][18,,28][40,,31][24,8,50][34,8,51]
Nenonen|29|[42,,99][41,4,90][40,,90][18,2,90][26,5,76][22,10,72]
Onin|30|[31,,83][40,,28][24,,83][23,7,64][22,,32]
Ile|31|[32,,81][20,,74][29,,30][17,11,55][24,8,83]
Quarna|32|[42,,89][29,,9][40,7,58][17,,69][26,,25][46,,45][22,,69]
Algna|33|[42,,5][31,3,69][18,4,89][36,10,33][46,,30][34,,37]
Mernaja|34|[22,,81][21,5,67][38,,28][37,7,65][32,,27][31,,1][28,,26][25,,1][47,7,76]
Inen|35|[30,,68][26,1,14][48,,91][25,12,51][36,,82]
Nenatja|36|[28,,39][26,12,14][37,,1][25,,46][46,,59]
Polita|37|[45,,60][22,9,33][43,7,98][41,,70][40,2,29][36,,55][33,,82][31,,51][30,,8][29,,68][50,,91][48,,5][24,2,9]
Polja|38|[30,11,42][51,,3][34,,77][44,,93][33,3,88]
Quaronja|39|[32,,59][53,10,0][25,,68][33,,80]
Wenin|40|[32,2,20][30,5,92][45,,86][34,10,91]
Polja|41|[37,11,67][35,6,52][33,,0][55,4,72][54,4,32][52,,33][28,,79][26,,38][49,,11][47,12,9][46,7,82]
Ilalgnaja|42|[32,,33][29,,24][28,,83][36,,96]
Inaja|43|[41,,29][40,7,44][38,,99][48,5,39]
Ein|44|[43,,53][52,6,72][29,,85][47,9,23][34,1,63]
Aja|45|[43,,78][54,,49][31,,95][53,9,46][34,,55][33,10,46]
Wenin|46|[54,5,28][53,4,61][42,7,65][52,,17][38,,28][59,12,30][55,,79]
Galna|47|[43,11,98][41,6,51][60,3,7][36,,92]
Eja|48|[54,8,53][52,,0][39,,32][59,,85][57,9,34]
Nenatin|49|[63,,58][51,,1][39,,19][48,12,57][47,1,15][58,,63][45,9,5]
Nenin|50|[53,,45][42,11,84][39,,22][48,,99][56,9,77][45,,55][44,,6][55,,54]
Oen|51|[64,4,97][63,3,87][62,,98][37,,60][48,,62][45,,0][44,,14]
Galin|52|[54,4,22][65,,67][51,,61][40,11,22][61,,41][57,,75]
Algja|53|[43,9,69][48,10,68][46,,81][66,,61]
Ilama|54|[43,,55][52,,44][61,,30][39,,70]
Onnaja|55|[43,7,42][41,,97][63,,9][51,,53][61,3,95][66,,40]
Merine|56|[42,,83][41,8,10][61,,60][59,,97][58,,39][47,,88][45,9,67][66,,45]
Ilaptja|57|[43,12,85][42,,85][63,,82][62,,83][61,,17][59,,73][58,,90][51,5,89][47,,79]
Quaritna|58|[68,,53][56,,30][45,,84][44,3,28]
Ordotnaja|59|[45,,25][63,12,88][62,,88][61,4,99][53,,25][50,,78][73,,27][49,,76][69,3,3]
Meronna|60|[51,1,62][61,,92][70,,97][69,,29][68,,68][55,6,18]
Galonin|61|[53,,67][75,,37][73,1,12][51,1,3][71,,23][68,9,29][46,,9]
Nenaptna|62|[54,7,22][52,,83][72,,92][56,3,30][66,3,4]
Nenna|63|[76,,93][75,,12][64,12,46][74,5,14][61,8,60][69,,27][56,,91][55,,42]
Ordota|64|[65,,52][73,,63][58,,46][66,,32][77,12,96]
Uja|65|[54,,40][52,5,19][62,,79][73,,75][78,,32][55,,77]
Ilamna|66|[75,,89][62,8,19][51,6,32][71,12,30][59,,36][68,,55]
Aja|67|[54,,92][74,,4][63,4,11][59,,86][70,3,78]
Nena|68|[65,,5][75,,2][63,,44][69,3,33][79,5,81][77,,63][66,12,30]
Gala|69|[63,,21][73,12,19][62,,96][83,1,44][71,,34][59,,15]
Galonin|70|[65,,73][76,3,25][74,,5][62,2,36][72,,36][61,,11][55,,20]
Polen|71|[67,10,71][85,11,9][84,,18][60,4,32][58,,9][80,8,59][79,,77][75,7,92][74,,45][70,1,99]
Merwenen|72|[64,3,34][62,,70][71,,26]
Polna|73|[74,12,45][84,7,70][71,,3][60,,1][67,4,49][66,,29]
Amnaja|74|[76,,36][82,,6][70,,27][81,12,8][68,4,99][67,,28]
Nene|75|[64,8,86][62,11,42][72,5,39][89,10,48][66,6,8]
Ilna|76|[87,,59][75,,52][86,,88][83,,91][69,,11][78,,26][77,,90]
Polotna|77|[64,,24][63,,99][82,10,87][70,2,49][81,,38][89,,44]
Ea|78|[65,,10][86,,0][64,2,55][70,,16][81,,34]
Merin|79|[86,,44][85,,21][73,5,14][72,,71][83,4,95][82,5,19][71,6,4][88,,14]
Quaronna|80|[87,,35][65,,1][71,,80][81,6,69][79,,78]
Wenna|81|[91,,61][90,1,18][66,,73][79,,51][75,4,20][74,10,25][73,,52][94,12,12][70,,29]
Ilnaja|82|[95,9,44][73,,40][79,6,46][67,3,41][77,,96]
Galinja|83|[75,9,60][84,,60][72,,81][79,,89][89,5,99]
Meralgja|84|[87,,55][94,,85][70,5,54][90,2,64][78,,4][88,,75]
Ilonja|85|[98,9,32][71,,18][91,,86][90,,31][77,8,23][99,,47]
Wenen|86|[98,,86][96,2,95][74,10,27][82,7,83][92,,40][78,11,25]
Quare|87|[86,,23][85,6,30][83,5,47][92,,16][80,9,30][79,,54][99,,48]
Polotna|88|[75,11,91][85,,89][73,,11][84,,50][81,,78][100,,58][77,,80]
Ea|89|[90,12,81][88,,11][87,,42][86,9,13][81,,25][80,,4][99,,89][74,,11][96,,47][93,,42][92,,90]
Orda|90|[76,5,22][75,11,8][103,,77][80,,77][101,,42][100,3,93]
Quarja|91|[87,,13][105,5,72][94,3,63][104,,62][81,,87][90,,45]
Merite|92|[97,7,27][85,,82][106,8,3][103,,50][91,,50][102,5,77][79,3,33]
Nenwennaja|93|[87,,61][92,12,85][80,,82][101,,1]
Ilja|94|[98,,96][97,,73][84,4,57][81,4,41][101,3,39][100,,33]
Ordja|95|[107,12,37][84,,52][82,7,85][90,,88][100,,63][88,,80]
Unaja|96|[87,,34][97,,69][107,,50][105,8,13][110,,49]
Quarotnaja|97|[108,10,96][86,7,54][96,,88][95,9,5][83,,80][105,8,3][93,,12][90,4,15]
Apta|98|[106,,27][105,9,36][103,,50][91,5,35][100,5,68]
Itan|99|[84,,95][93,,37][92,,12][90,,16][101,3,7]
Otio|100|[107,9,77][93,,79][103,,48][91,,17][89,,64]
Ordio|101|[109,,85][97,,41][105,,62][102,,96][91,8,75][88,11,49]
Otan|102|[108,12,80][96,,50][114,12,95][91,11,3][113,,27][90,,73][100,,77]
Wenio|103|[98,6,98][107,,12][95,,72][93,10,41][101,3,53][112,,90][110,,45]
Quartor|104|[96,,5][118,,66][117,11,30][116,12,66][114,8,53][102,1,76][101,,92][110,,41]
Ordtor|105|[97,,49][94,1,97][93,6,44][102,,25]
Polnor|106|[104,,41][93,,43][114,,58][113,8,13][102,,49][101,8,90]
Ordapto|107|[120,,69][98,7,73][119,,89][96,,98][117,7,77][99,7,48]
Galoto|108|[98,1,78][117,12,41][113,,34][102,5,61][111,,92][100,,8]
Wenio|109|[120,4,14][104,10,2][103,,40][123,5,18][122,2,90][99,,35]
Itan|110|[109,7,61][116,9,82][115,10,15][111,,7][121,2,85]
Atan|111|[109,3,23][108,,30][104,8,85][102,7,32][110,,12]
Aman|112|[107,,12][116,,6][125,2,25][102,10,75][124,3,9][100,12,42]
Ordwenor|113|[107,,41][106,,97][105,8,78]
Galnor|114|[108,,91][119,,53][127,,26][105,1,84][116,,12][122,,7]
Polonnor|115|[108,,94][125,,46][102,,49][100,,46][121,10,28]
Nenwenor|116|[105,8,93][103,,73][124,4,63][122,,80][110,4,58][121,,47]
Nenwenan|117|[114,,6][102,,17][123,,87][112,,6]
Galor|118|[130,,55][107,1,48][117,4,25][106,,17][128,11,45][105,5,89][110,,66]
Meratio|119|[131,3,72][108,,42][118,,0][126,10,6][133,,36][132,,75]
Polator|120|[118,7,46][105,,25][114,,73][125,,23][112,,8]
Polintor|121|[118,,0][117,,89][106,10,76][122,11,46]
Wenor|122|[129,,15][115,3,51][114,,58][124,8,80][123,9,96][121,10,40]
Merato|123|[120,,5][130,,76][137,,43][126,9,23][134,,35][133,,50][110,3,58]
Galan|124|[131,10,15][117,,53][128,10,60][115,11,14][136,,47][133,,1]
Ilor|125|[114,,44][112,,5][135,,71][134,,28][110,8,71][127,,12][126,9,33][124,,18][122,,68][115,4,58]
Ilittor|126|[120,,38][115,,43][135,4,26][123,11,64][133,7,32][132,1,30]
Amo|127|[114,11,80][136,,45][133,12,0][132,11,44][129,,6][128,8,31][125,,67][123,10,78][122,,58][120,,90][117,,33]
Ordor|128|[142,,43][130,5,15][119,,67][115,,29][121,9,61]
Quarus|129|[120,,79][140,,12][126,,30][114,,17][135,2,82]
Orditio|130|[142,10,89][141,7,70][127,,21][135,,53][133,,50]
Amor|131|[141,3,23][139,10,54][138,,17][143,8,20]
Nenaptan|132|[118,,63][137,5,38][126,,71][136,3,37][146,7,42][145,10,10][133,,39][121,,93]
Galino|133|[131,,41][120,10,78][130,,5]
Ator|134|[139,,33][148,,47][125,3,91][132,9,90][121,9,65]
Polor|135|[139,,56][149,,56][147,,39][146,,10][134,,57][123,10,70][122,9,12][143,10,33]
Quaror|136|[131,5,93][139,,72][138,,20][149,,94][122,,47][121,,21]
Ilus|137|[131,,63][130,,93][129,8,62][128,3,82][149,,3][123,,92]
Galnor|138|[142,11,79][152,,15][140,,9][150,,51][128,10,84][145,,96][143,,70]
Galan|139|[138,,54][137,,75][145,,15][133,,68]
Algo|140|[137,3,3][134,,41][154,,64][152,,14][127,,97][126,,81][148,,22][125,3,65][147,2,22][144,,49][142,2,13][141,,61][138,,12]
Quarwennor|141|[153,,31][150,,99][148,,83][126,10,71][134,11,4][133,2,23][143,,50][154,9,3]
Wenio|142|[152,10,97][151,6,68][129,1,25][149,,90][148,2,46][133,,80]
Polaptus|143|[141,10,3][136,,35][135,,26]
Ilwenus|144|[130,,60][152,4,13][135,,90][146,4,26][156,7,58][133,,56][132,,4]
Merio|145|[130,8,85][138,,5][159,,25][148,,88][155,,21][143,,24][132,2,87]
Galio|146|[141,,38][140,5,52][136,,44][157,8,33][156,8,24]
Ordtor|147|[142,3,70][138,,3][137,9,37][158,,2][135,1,84][134,2,30][144,,46]
Merino|148|[139,6,38][159,,41][136,11,76][133,,87][155,,84]
Ordnor|149|[141,6,27][139,1,9][146,,85][135,,11][157,11,70][156,12,24]
Ordnor|150|[160,,82][136,,70][158,10,54][146,3,48][135,,78]
Ordio|151|[163,,44][161,6,7][159,,63][147,,91][157,,37][165,,99]
Ordato|152|[141,,17][151,3,75][137,11,32][155,,21][143,4,48]
Otor|153|[139,,3][160,5,74][148,5,24][156,,61][166,,57][143,,90]
Merio|154|[141,,46][162,,84][148,8,65][159,9,49][146,,78]
Meralgus|155|[150,4,52][146,,53][154,,79]
Nenaman|156|[153,,68][163,,21][161,7,60][170,2,74][147,,14][165,,71]
Polo|157|[150,,49][145,,24][166,1,16][144,11,83]
Quario|158|[159,,52][147,,9][146,,40][145,,61][154,3,15][165,,16]
Quarinio|159|[172,9,40][149,,11][170,11,96][167,,43][166,1,96]
Ilnor|160|[157,2,97][155,3,84][154,3,41]
Ilan|161|[164,,37][174,,57][151,1,16][173,,83][158,3,51][169,4,79][167,,82]
Amus|162|[152,12,30][150,,41][157,5,24][156,6,19][154,8,40]
Merinan|163|[160,,7][157,2,94][155,9,95][177,,12][151,,51][173,,97][169,2,10][168,,83][165,,76][164,4,95][161,10,6]
Mertor|164|[175,,50][150,8,79][171,,71][168,,33][166,,4]
Neno|165|[153,,9][152,,89][161,,23][160,10,87][167,,39][155,2,6]
Ordator|166|[151,,53][172,,13][157,,24][156,9,6][177,,58][165,,42]
Galus|167|[174,,79][163,5,7][171,,48][168,2,48][177,,41]
Galor|168|[153,6,75][163,,99][182,,71][158,,1]
Atus|169|[172,11,84][157,,22][179,2,50][167,,42][166,,55]
Ordo|170|[174,,81][162,,54][184,,31][158,,19][155,3,75]
Galatio|171|[163,,98][172,5,44][170,,76][159,,87][169,11,30][179,,54]
Polonus|172|[180,,78][157,,6][179,,79][177,10,15][176,4,70]
Mero|173|[164,8,60][186,2,29][163,,68][184,5,2][183,,17][172,2,89][170,,0][177,12,86]
Ordapto|174|[186,,38][173,2,54][169,,23][179,8,99][178,,62][166,12,81]
Nentor|175|[163,9,42][185,,18][184,,46][169,5,16][179,,53][188,5,63]
Wenan|176|[164,,54][175,5,35][162,,49][180,,69][188,,1]
Itan|177|[175,,94][163,,96][183,4,95][191,,6][179,,73][189,,40]
Polotnor|178|[164,,40][183,11,96][172,12,50][179,10,98][167,12,86]
Quaramor|179|[173,6,59][181,,55][167,,4][178,6,28][177,8,44][176,11,56]
Nenus|180|[186,2,6][194,,54][183,,57][171,6,75][169,5,26][167,,49][178,9,75]
Merinnor|181|[186,12,22][194,3,53][167,8,55][166,9,8][187,4,59][176,11,17]
Galalgor|182|[175,,56][196,4,12][183,2,77][193,,60][170,,17][180,,50]
Galtor|183|[182,1,52][191,,26][179,9,66][178,,6]
Quaro|184|[197,9,83][185,,61][196,,95][182,1,48][171,,35][189,2,47][187,,91]
Quaratan|185|[182,10,27][177,1,89][176,4,10][175,,71][196,,22][194,10,21][171,3,53][187,3,13][184,1,56]
Ilono|186|[181,,84][180,5,53][198,,11][196,,95][173,,37][172,7,60][193,,71][192,,53][191,5,65][188,12,12][184,,2]
Ilus|187|[183,,58][178,,5][177,8,26][174,2,69][195,,32][193,10,22][191,,38][189,3,75][188,7,45][185,11,27][184,3,84]
Intor|188|[197,6,27][186,8,28][174,,89][173,9,9][183,,13][191,,83][189,,48][177,12,77]
Galinnor|189|[175,,16][193,7,66][181,2,20][179,,28]
Aptor|190|[186,11,25][197,,76][196,,99][195,10,55][183,12,45][181,,82][188,,26][177,4,1]
Otan|191|[186,,52][195,10,83][203,,47][177,6,94][176,11,10]
Quarotio|192|[180,,29][201,,1][179,,4][178,,77][187,10,71]
Iltor|193|[203,,58][192,9,80][189,9,35][199,3,24][188,,90]
Itio|194|[183,12,58][182,,8][205,4,34][202,,7][198,3,72][196,,67][193,5,36][192,,8][189,10,69][208,6,61]
Ilo|195|[197,6,22][185,8,89][193,,92][203,11,24][191,11,38][187,5,85][198,,99][209,,40]
Mertor|196|[207,,96][183,,85][181,,75][201,11,95][189,,5][199,,6]
Galtor|197|[185,,44][194,,95][193,,47][203,,54][191,11,54][190,,67][188,,64][209,6,87]
Ozrorg|198|[185,8,24][183,11,93][192,2,82][203,2,37][211,10,67][189,,83][210,,48]
Murg|199|[186,9,76][205,5,91][192,,66][198,,57]
Aschuzz|200|[208,,8][206,,51][214,10,11][212,,81]
Umzakh|201|[193,,81][213,,32][212,,98][189,,18][211,,37][187,11,72]
Sesch|202|[188,,94][187,7,25][198,8,24]
Krusurg|203|[197,,39][214,4,90][192,11,61][191,,4][190,,95]
Ogl|204|[195,,90][203,10,49][214,,39][189,,24]
Ezhuk|205|[197,,95][217,1,40][194,6,27][203,,91][213,,16][200,1,60][211,7,14]
Irgh|206|[200,1,9][219,,30][194,,39][193,,88][216,,71][215,,22][191,8,64][209,11,3][208,,73]
Kirg|207|[194,5,65][215,7,95][193,10,43][192,5,74]
Emarl|208|[207,,14][203,,96][202,,90][220,,61]
Ik|209|[219,12,19][195,,60][213,,99][223,12,60][210,,34][198,9,77]
Grorzogl|210|[196,,40][216,1,37][202,5,63][212,,15][200,,12][199,2,49]
Otuzz|211|[219,,88][196,,25][222,5,68][199,,62][220,12,40][209,8,2]
Ukrirgh|212|[206,2,8][205,12,44][204,,73][225,7,30][198,,20][221,,76][219,,47][216,,91][210,,18]
Kazhurz|213|[218,,86][217,,36][224,,48][222,,9][221,,50][209,11,21]
Uzg|214|[205,,39][204,8,90][227,,54][225,,55][224,10,56][223,,76][222,,15][219,1,73][216,,92][215,,85]
Gnokozz|215|[208,2,4][205,1,72][200,5,72]
Rzis|216|[218,6,29][229,,99][228,,87][213,,60][223,9,28][210,2,94][209,,98]
Erzasch|217|[207,,2][228,2,16][204,,79][223,,65][209,,44]
Zrezhormg|218|[208,,31][206,,33][216,,70][205,2,47][226,,96][222,12,85]
Zigl|219|[206,,76][226,4,57][204,7,35][223,,80][210,4,35]
Zrikusch|220|[230,5,44][219,,1][208,4,99][228,,28][216,8,90][212,,27][232,11,49][210,,44]
Ochit|221|[219,11,93][230,3,86][207,,8][223,4,17][212,,60]
Irhrargh|222|[219,,17][217,5,9][227,,59][236,,25][212,,30][231,5,82][220,11,52]
Kizh|223|[237,,10][226,1,73][224,,35][233,7,14][211,4,82][232,,65][210,,67][231,5,78]
Grorgl|224|[229,,66][218,,47][217,,45][237,,25][213,,59][211,,80][233,,51]
Uzhazz|225|[218,,24][238,1,5][215,,31][236,1,40][213,,42][223,,66][211,,20]
Megl|226|[219,1,81][216,,57][238,,3][236,,98][222,7,80]
Zhikarz|227|[239,3,36][216,,10][226,7,36][215,,32][214,,35]
Rzek|228|[229,12,26][240,10,10][226,,44][234,10,37][221,4,34][232,,20]
Umgr|229|[230,1,39][219,9,53][239,10,57][217,,59][237,12,84][236,11,83][243,5,75][220,,32]
Isat|230|[240,,18][215,12,14][234,,2][233,7,73][222,,9][244,7,12]
Ogl|231|[241,,9][228,6,93][245,9,91][223,12,27][233,7,82][232,9,54]
Asos|232|[229,4,36][228,7,46][223,9,97][222,,76][221,6,24][219,,49][241,,99][218,,29][239,,68][233,3,52]
Uk|233|[218,,55][240,6,16][228,,36][247,,93][246,,74][232,10,50][221,11,8][220,,86]
Zogh|234|[240,2,34][235,,49][246,,99][224,9,99][242,,88]
Mischigh|235|[238,,77][224,5,13][223,5,43][232,9,30][243,2,95][220,,30]
Erl|236|[230,,41][239,,33][227,11,71][231,,62]
Okh|237|[230,11,76][236,6,49][245,3,24][222,12,18]
Zhurzokh|238|[230,,95][228,,17][249,3,7][226,,3][235,,51][243,5,10][231,,92]
Zutarng|239|[229,,17][246,,50][235,6,44][244,,39][232,7,3]
Avm|240|[229,,2][239,,3][248,,71][234,3,9][242,,96]
Uzzuch|241|[229,,92][239,7,49][231,,7]
Matagl|242|[241,,13][228,8,35][246,,69][245,,71][233,,16][243,,37]
Enuk|243|[230,,14][239,,11][245,,75][233,7,67]
Zhusis|244|[236,,23][233,,88][242,,21]
Umargh|245|[230,10,39][239,11,60][249,2,90][238,,33][236,4,26][243,12,85][232,,94][231,,41]
[D]|Hrukarng|246|
[D]|Grurgl|247|
[D]|Emizg|248|
[D]|Uvgn|249|
